0.0 -0.0009692515861872089
5e-06 -0.0010582909970850512
1e-05 -0.0011548717469943121
1.5000000000000002e-05 -0.0012595696446574018
2e-05 -0.00137299856182274
2.5e-05 -0.0014958124208338897
3.0000000000000004e-05 -0.00162870723988541
3.5000000000000004e-05 -0.0017724232333424339
4e-05 -0.0019277469640000859
4.5e-05 -0.002095513543601496
5e-05 -0.0022766088773385675
5.5e-05 -0.0024719719474278166
6.000000000000001e-05 -0.002682597130184047
6.500000000000001e-05 -0.002909536540307696
7.000000000000001e-05 -0.0031539023953574574
7.500000000000001e-05 -0.0034168693925990946
8e-05 -0.0036996770896048736
8.5e-05 -0.00400363227912697
9e-05 -0.004330111347884046
9.5e-05 -0.0046805626079851
0.0001 -0.005056508588769898
0.000105 -0.005459548275874973
0.00011 -0.00589135928333985
0.000115 -0.006353699943554076
0.00012000000000000002 -0.0068484112988152915
0.000125 -0.007377418977227387
0.00013000000000000002 -0.007942734934618166
0.000135 -0.00854645904310627
0.00014000000000000001 -0.0091907805059011
0.000145 -0.009877979076883486
0.00015000000000000001 -0.010610426062497303
0.000155 -0.011390585082488565
0.00016 -0.012221012565067699
0.00016500000000000003 -0.0131043579511506
0.00017 -0.014043363581464026
0.00017500000000000003 -0.015040864239488813
0.00018 -0.016099786322472213
0.00018500000000000002 -0.017223146612075923
0.00019 -0.01841405061565244
0.00019500000000000002 -0.019675690448666523
0.0002 -0.02101134222841605
0.00020500000000000002 -0.02242436294896615
0.00021 -0.023918186807102844
0.00021500000000000002 -0.02549632094915408
0.00022 -0.027162340608723093
0.00022500000000000002 -0.02891988360574657
0.00023 -0.030772644177840043
0.00023500000000000002 -0.03272436611563634
0.00024000000000000003 -0.034778835174768125
0.00024500000000000005 -0.03693987073831149
0.00025 -0.039211316704895284
0.000255 -0.041597031579306484
0.00026000000000000003 -0.04410087774429374
0.00026500000000000004 -0.046726709894398026
0.00027 -0.04947836261502387
0.000275 -0.05235963709262438
0.00028000000000000003 -0.05537428694480089
0.00028500000000000004 -0.05852600316232947
0.00029 -0.06181839815861384
0.000295 -0.06525498892583996
0.00030000000000000003 -0.06883917930116124
0.00030500000000000004 -0.07257424135057991
0.00031 -0.0764632958828021
0.000315 -0.08050929211022922
0.00032 -0.08471498647939077
0.00032500000000000004 -0.08908292069852633
0.00033000000000000005 -0.09361539899566312
0.000335 -0.09831446464639727
0.00034 -0.10318187581666413
0.00034500000000000004 -0.10821908077204487
0.00035000000000000005 -0.11342719251158291
0.000355 -0.11880696289065795
0.00036 -0.12435875630415238
0.00036500000000000004 -0.13008252300791234
0.00037000000000000005 -0.13597777216333465
0.000375 -0.1420435446967519
0.00038 -0.14827838607211163
0.00038500000000000003 -0.15468031908221108
0.00039000000000000005 -0.16124681677041733
0.000395 -0.1679747756013212
0.0004 -0.17486048900510937
0.00040500000000000003 -0.18189962142653196
0.00041000000000000005 -0.1890871830151599
0.00041500000000000006 -0.1964175050990932
0.00042 -0.2038842165893777
0.00042500000000000003 -0.21148022146703083
0.00043000000000000004 -0.21919767750873884
0.00043500000000000006 -0.22702797641090072
0.00044 -0.23496172547470826
0.00044500000000000003 -0.2429887310173262
0.00045000000000000004 -0.25109798367589786
0.00045500000000000006 -0.25927764577202783
0.00046 -0.26751504090450956
0.000465 -0.2757966459373477
0.00047000000000000004 -0.28410808554851236
0.00047500000000000005 -0.2924341295023322
0.00048000000000000007 -0.3007586928049239
0.000485 -0.3090648388975646
0.0004900000000000001 -0.3173347860373838
0.000495 -0.3255499170081727
0.0005 -0.3336907922964695
0.000505 -0.3417371668593336
0.00051 -0.34966801060041186
0.000515 -0.35746153265997216
0.0005200000000000001 -0.3650952096125746
0.0005250000000000001 -0.3725458176529666
0.0005300000000000001 -0.37978946883664616
0.000535 -0.3868016514263539
0.00054 -0.3935572743795913
0.000545 -0.4000307159951175
0.00055 -0.40619587671834606
0.000555 -0.41202623608666566
0.0005600000000000001 -0.41749491377603326
0.0005650000000000001 -0.42257473468979223
0.0005700000000000001 -0.42723829800965035
0.0005750000000000001 -0.4314580501071725
0.00058 -0.43520636119213013
0.000585 -0.43845560555167473
0.00059 -0.4411782452116971
0.000595 -0.44334691682899957
0.0006000000000000001 -0.44493452160017055
0.0006050000000000001 -0.4459143179504358
0.0006100000000000001 -0.44626001674339605
0.0006150000000000001 -0.4459458787305834
0.00062 -0.44494681393831487
0.000625 -0.4432384826685294
0.00063 -0.44079739777030863
0.000635 -0.4376010278197427
0.00064 -0.43362790082785013
0.0006450000000000001 -0.42885770807953755
0.0006500000000000001 -0.42327140769123556
0.0006550000000000001 -0.4168513274609906
0.0006600000000000001 -0.40958126657258415
0.000665 -0.4014465957047927
0.00067 -0.39243435508833413
0.000675 -0.38253335004647315
0.00068 -0.37173424355077883
0.0006850000000000001 -0.3600296453212588
0.0006900000000000001 -0.3474141970001002
0.0006950000000000001 -0.3338846529306122
0.0007000000000000001 -0.3194399560777618
0.000705 -0.3040813086339543
0.00071 -0.2878122368634932
0.000715 -0.2706386497514702
0.00072 -0.25256889103769126
0.0007250000000000001 -0.23361378423365717
0.0007300000000000001 -0.21378667024053546
0.0007350000000000001 -0.19310343720847092
0.0007400000000000001 -0.17158254230242154
0.0007450000000000001 -0.14924502506691098
0.00075 -0.1261145121115687
0.000755 -0.10221721287098903
0.00076 -0.07758190622616978
0.0007650000000000001 -0.05223991781042855
0.0007700000000000001 -0.02622508786014408
0.0007750000000000001 0.0004262704902758284
0.0007800000000000001 0.027675422529295217
0.0007850000000000001 0.05548127292334571
0.00079 0.08380043628161656
0.000795 0.11258731726236404
0.0008 0.14179420010825142
0.000805 0.17137134745353766
0.0008100000000000001 0.20126710820104657
0.0008150000000000001 0.23142803422206773
0.0008200000000000001 0.2617990055878673
0.0008250000000000001 0.2923233639975981
0.0008300000000000001 0.32294305402433615
0.000835 0.3535987717589795
0.00084 0.38423012039109855
0.000845 0.4147757722267263
0.0008500000000000001 0.44517363660583614
0.0008550000000000001 0.47536103314700984
0.0008600000000000001 0.5052748697138821
0.0008650000000000001 0.5348518244674817
0.0008700000000000001 0.5640285313408508
0.000875 0.592741768247464
0.00088 0.6209286473131654
0.000885 0.6485268064027816
0.0008900000000000001 0.6754746011973877
0.0008950000000000001 0.7017112970664876
0.0009000000000000001 0.7271772599713078
0.0009050000000000001 0.7518141456309974
0.0009100000000000001 0.7755650861829013
0.0009150000000000001 0.7983748735712468
0.00092 0.8201901389055811
0.000925 0.840959527041129
0.00093 0.860633865647859
0.0009350000000000001 0.8791663280534521
0.0009400000000000001 0.8965125891674252
0.0009450000000000001 0.9126309738193534
0.0009500000000000001 0.9274825968732857
0.0009550000000000001 0.9410314945129653
0.0009600000000000001 0.953244746128175
0.000965 0.9640925862712512
0.00097 0.9735485061943678
0.0009750000000000001 0.9815893445223559
0.0009800000000000002 0.9881953666623822
0.000985 0.9933503326005019
0.00099 0.997041552785684
0.000995 0.9992599318540991
0.001 1.0
0.001005 0.9992599318540991
0.00101 0.997041552785684
0.001015 0.9933503326005019
0.00102 0.9881953666623818
0.001025 0.9815893445223557
0.00103 0.9735485061943676
0.0010350000000000001 0.9640925862712509
0.0010400000000000001 0.9532447461281744
0.0010450000000000001 0.9410314945129646
0.0010500000000000002 0.927482596873285
0.0010550000000000002 0.9126309738193528
0.0010600000000000002 0.8965125891674244
0.0010650000000000002 0.8791663280534512
0.00107 0.860633865647859
0.001075 0.840959527041129
0.00108 0.8201901389055811
0.001085 0.7983748735712463
0.00109 0.7755650861829009
0.001095 0.7518141456309969
0.0011 0.7271772599713072
0.001105 0.7017112970664868
0.00111 0.6754746011973871
0.001115 0.648526806402781
0.0011200000000000001 0.6209286473131647
0.0011250000000000001 0.5927417682474634
0.0011300000000000001 0.5640285313408496
0.0011350000000000002 0.5348518244674804
0.0011400000000000002 0.5052748697138809
0.0011450000000000002 0.47536103314700856
0.0011500000000000002 0.44517363660583475
0.001155 0.4147757722267263
0.00116 0.38423012039109855
0.001165 0.3535987717589795
0.00117 0.3229430540243355
0.001175 0.29232336399759745
0.00118 0.2617990055878664
0.001185 0.23142803422206706
0.00119 0.20126710820104596
0.001195 0.17137134745353697
0.0012000000000000001 0.14179420010825086
0.0012050000000000001 0.11258731726236341
0.0012100000000000001 0.08380043628161578
0.0012150000000000002 0.05548127292334454
0.0012200000000000002 0.02767542252929402
0.0012250000000000002 0.0004262704902746829
0.0012300000000000002 -0.02622508786014511
0.0012350000000000002 -0.05223991781042966
0.00124 -0.07758190622616978
0.001245 -0.10221721287098903
0.00125 -0.1261145121115687
0.001255 -0.1492450250669114
0.00126 -0.171582542302422
0.001265 -0.1931034372084714
0.00127 -0.21378667024053588
0.001275 -0.2336137842336577
0.00128 -0.25256889103769165
0.0012850000000000001 -0.2706386497514705
0.0012900000000000001 -0.2878122368634935
0.0012950000000000001 -0.30408130863395466
0.0013000000000000002 -0.3194399560777625
0.0013050000000000002 -0.33388465293061287
0.0013100000000000002 -0.3474141970001008
0.0013150000000000002 -0.3600296453212593
0.0013200000000000002 -0.3717342435507793
0.001325 -0.38253335004647315
0.00133 -0.39243435508833413
0.001335 -0.4014465957047927
0.00134 -0.4095812665725842
0.001345 -0.41685132746099074
0.00135 -0.42327140769123567
0.001355 -0.42885770807953766
0.00136 -0.43362790082785024
0.0013650000000000001 -0.4376010278197428
0.0013700000000000001 -0.44079739777030863
0.0013750000000000001 -0.4432384826685294
0.0013800000000000002 -0.4449468139383149
0.0013850000000000002 -0.4459458787305834
0.0013900000000000002 -0.446260016743396
0.0013950000000000002 -0.4459143179504358
0.0014000000000000002 -0.4449345216001705
0.0014050000000000002 -0.44334691682899946
0.00141 -0.4411782452116971
0.001415 -0.43845560555167473
0.00142 -0.43520636119213013
0.001425 -0.4314580501071725
0.00143 -0.4272382980096502
0.001435 -0.4225747346897921
0.00144 -0.4174949137760331
0.001445 -0.4120262360866656
0.0014500000000000001 -0.40619587671834595
0.0014550000000000001 -0.40003071599511736
0.0014600000000000001 -0.39355727437959126
0.0014650000000000002 -0.3868016514263537
0.0014700000000000002 -0.3797894688366458
0.0014750000000000002 -0.37254581765296635
0.0014800000000000002 -0.36509520961257425
0.0014850000000000002 -0.3574615326599718
0.0014900000000000002 -0.34966801060041147
0.001495 -0.3417371668593336
0.0015 -0.3336907922964695
0.001505 -0.3255499170081727
0.00151 -0.31733478603738363
0.001515 -0.3090648388975646
0.00152 -0.30075869280492373
0.001525 -0.292434129502332
0.0015300000000000001 -0.28410808554851225
0.0015350000000000001 -0.2757966459373475
0.0015400000000000001 -0.2675150409045095
0.0015450000000000001 -0.2592776457720275
0.0015500000000000002 -0.2510979836758974
0.0015550000000000002 -0.2429887310173258
0.0015600000000000002 -0.23496172547470792
0.0015650000000000002 -0.2270279764109004
0.0015700000000000002 -0.2191976775087385
0.0015750000000000002 -0.2114802214670305
0.00158 -0.2038842165893777
0.001585 -0.1964175050990932
0.00159 -0.1890871830151599
0.001595 -0.18189962142653196
0.0016 -0.17486048900510937
0.001605 -0.1679747756013212
0.00161 -0.16124681677041722
0.0016150000000000001 -0.15468031908221092
0.0016200000000000001 -0.14827838607211144
0.0016250000000000001 -0.1420435446967518
0.0016300000000000002 -0.1359777721633344
0.0016350000000000002 -0.1300825230079121
0.0016400000000000002 -0.12435875630415222
0.0016450000000000002 -0.11880696289065765
0.0016500000000000002 -0.11342719251158262
0.0016550000000000002 -0.10821908077204473
0.0016600000000000002 -0.10318187581666385
0.001665 -0.09831446464639727
0.00167 -0.09361539899566312
0.001675 -0.08908292069852633
0.00168 -0.08471498647939077
0.001685 -0.08050929211022922
0.00169 -0.0764632958828021
0.0016950000000000001 -0.07257424135057983
0.0017000000000000001 -0.06883917930116124
0.0017050000000000001 -0.06525498892583982
0.0017100000000000001 -0.061818398158613716
0.0017150000000000002 -0.058526003162329386
0.0017200000000000002 -0.055374286944800705
0.0017250000000000002 -0.052359637092624194
0.0017300000000000002 -0.049478362615023766
0.0017350000000000002 -0.04672670989439792
0.0017400000000000002 -0.04410087774429359
0.0017450000000000002 -0.04159703157930634
0.00175 -0.039211316704895284
0.001755 -0.03693987073831149
0.00176 -0.034778835174768125
0.001765 -0.03272436611563634
0.00177 -0.030772644177840043
0.001775 -0.02891988360574653
0.0017800000000000001 -0.027162340608723055
0.0017850000000000001 -0.025496320949154043
0.0017900000000000001 -0.023918186807102813
0.0017950000000000002 -0.02242436294896615
0.0018000000000000002 -0.021011342228416004
0.0018050000000000002 -0.01967569044866645
0.0018100000000000002 -0.0184140506156524
0.0018150000000000002 -0.017223146612075857
0.0018200000000000002 -0.016099786322472154
0.0018250000000000002 -0.015040864239488791
0.0018300000000000002 -0.014043363581464007
0.001835 -0.0131043579511506
0.00184 -0.012221012565067699
0.001845 -0.011390585082488565
0.00185 -0.010610426062497303
0.001855 -0.009877979076883486
0.00186 -0.00919078050590108
0.0018650000000000001 -0.008546459043106249
0.0018700000000000001 -0.007942734934618148
0.0018750000000000001 -0.007377418977227371
0.0018800000000000002 -0.006848411298815276
0.0018850000000000002 -0.006353699943554062
0.0018900000000000002 -0.00589135928333985
0.0018950000000000002 -0.005459548275874952
0.0019000000000000002 -0.005056508588769879
0.0019050000000000002 -0.004680562607985086
0.0019100000000000002 -0.0043301113478840265
0.0019150000000000003 -0.004003632279126951
0.0019200000000000003 -0.003699677089604868
0.001925 -0.0034168693925990946
0.00193 -0.0031539023953574574
0.001935 -0.002909536540307696
0.00194 -0.0026825971301840425
0.0019450000000000001 -0.002471971947427813
0.0019500000000000001 -0.0022766088773385675
0.001955 -0.0020955135436014926
0.0019600000000000004 -0.001927746964000077
0.001965 -0.001772423233342431
0.00197 -0.0016287072398854126
0.001975 -0.001495812420833885
0.00198 -0.00137299856182274
0.0019850000000000002 -0.0012595696446573977
0.00199 -0.0011548717469943121
0.0019950000000000002 -0.001058290997085046
0.002 -0.0009692515861872089
0.0020050000000000003 -0.0008872138407600307
0.00201 -0.0008116723561129568
0.0020150000000000003 -0.0007421541927594032
0.00202 -0.0006782171363455982
0.0020250000000000003 -0.0006194480216732433
0.00203 -0.0005654611210152196
0.0020350000000000004 -0.0005158965966326305
0.00204 -0.0004704190171396011
0.0020450000000000004 -0.00042871593712633744
0.00205 -0.00039049653924133767
0.002055 -0.0003554903377473899
0.00206 -0.00032344594240299874
0.002065 -0.00029412988137890586
0.0020700000000000002 -0.00026732548179740916
0.002075 -0.00024283180637907386
0.0020800000000000003 -0.0002204626445953028
0.002085 -0.000200045556655497
0.0020900000000000003 -0.00018142096860234396
0.002095 -0.0001644413167473759
0.0021000000000000003 -0.00014897023964985254
0.002105 -0.00013488181582441995
0.0021100000000000003 -0.00012205984535551289
0.002115 -0.00011039717359844894
0.0021200000000000004 -9.97950551572455e-05
0.002125 -9.016255634688976e-05
0.0021300000000000004 -8.141599437185342e-05
0.002135 -7.347841148260895e-05
0.00214 -6.627908240673521e-05
0.002145 -5.975305339042866e-05
0.00215 -5.384071122903477e-05
0.0021550000000000002 -4.8487380711075585e-05
0.00216 -4.364294894861062e-05
0.0021650000000000003 -3.92615151170476e-05
0.00217 -3.5301064179358056e-05
0.0021750000000000003 -3.172316322251143e-05
0.00218 -2.8492679087530503e-05
0.0021850000000000003 -2.5577516028461297e-05
0.00219 -2.2948372189499114e-05
0.0021950000000000003 -2.057851374317571e-05
0.0022 -1.8443565585705528e-05
0.0022050000000000004 -1.652131753803435e-05
0.00221 -1.4791545052697901e-05
0.0022150000000000004 -1.3235843477068569e-05
0.00222 -1.1837474972850115e-05
0.002225 -1.0581227239614523e-05
0.00223 -9.453283236705685e-06
0.002235 -8.441101142848065e-06
0.0022400000000000002 -7.533303836259557e-06
0.002245 -6.7195772199221636e-06
0.0022500000000000003 -5.990576756873907e-06
0.002255 -5.337841618950202e-06
0.0022600000000000003 -4.753715889293645e-06
0.002265 -4.231276294193144e-06
0.0022700000000000003 -3.7642659733980956e-06
0.002275 -3.3470338300186614e-06
0.0022800000000000003 -2.97447903147982e-06
0.002285 -2.642000261790924e-06
0.0022900000000000004 -2.3454493526503298e-06
0.002295 -2.08108894667463e-06
0.0023000000000000004 -1.8455538703657024e-06
0.002305 -1.6358159173553063e-06
0.00231 -1.4491517640438327e-06
0.0023150000000000002 -1.2831137600317593e-06
0.00232 -1.1355033547776966e-06
0.0023250000000000002 -1.0043469397615203e-06
0.00233 -8.878739021373928e-07
0.0023350000000000003 -7.844967014807813e-07
0.00234 -6.927927958220615e-07
0.0023450000000000003 -6.114882567646493e-07
0.00235 -5.39442926162924e-07
0.0023550000000000003 -4.756369786309726e-07
0.00236 -4.1915876511885177e-07
0.0023650000000000003 -3.691938229734877e-07
0.00237 -3.2501494734447726e-07
0.0023750000000000004 -2.859732275429058e-07
0.00238 -2.514899600582423e-07
0.0023850000000000004 -2.210493574236185e-07
0.00239 -1.9419197903343366e-07
0.002395 -1.7050881639578809e-07
0.0024000000000000002 -1.4963597118176454e-07
0.002405 -1.312498698472892e-07
0.0024100000000000002 -1.1506296358365314e-07
0.002415 -1.0081986692985614e-07
0.0024200000000000003 -8.829389258237938e-08
0.002425 -7.72839437930341e-08
0.0024300000000000003 -6.761172927833247e-08
0.002435 -5.911926879868235e-08
0.0024400000000000003 -5.1666660524713346e-08
0.002445 -4.513008401259718e-08
0.0024500000000000004 -3.940001507977842e-08
0.002455 -3.4379631125688234e-08
0.0024600000000000004 -2.998338749579707e-08
0.002465 -2.613574735794631e-08
0.0024700000000000004 -2.27700492620111e-08
0.002475 -1.982749810158794e-08
0.00248 -1.7256266602291285e-08
0.0024850000000000002 -1.5010695737377236e-08
0.00249 -1.3050583628765624e-08
0.0024950000000000003 -1.1340553540304692e-08
0.0025 -9.84949251974796e-09
0.0025050000000000003 -8.55005310502699e-09
0.00251 -7.418211287055772e-09
0.0025150000000000003 -6.432874622805331e-09
0.00252 -5.5755350255426255e-09
0.0025250000000000003 -4.8299613301180474e-09
0.00253 -4.181927245737286e-09
0.0025350000000000004 -3.618970771959041e-09
0.00254 -3.1301815705233173e-09
0.0025450000000000004 -2.7060131603866965e-09
0.00255 -2.338117140025949e-09
0.0025550000000000004 -2.0191969433004596e-09
0.00256 -1.7428789062690746e-09
0.002565 -1.5035986653499853e-09
0.0025700000000000002 -1.2965011248554485e-09
0.002575 -1.1173524267190315e-09
0.0025800000000000003 -9.624625294370162e-10
0.002585 -8.286171589280283e-10
0.0025900000000000003 -7.130180330403722e-10
0.002595 -6.132303855009564e-10
0.0026000000000000003 -5.271369257286787e-10
0.002605 -4.528974695161459e-10
0.0026100000000000003 -3.8891356336283256e-10
0.002615 -3.337975033500491e-10
0.0026200000000000004 -2.8634521889793797e-10
0.002625 -2.455125534545866e-10
0.0026300000000000004 -2.1039452895956176e-10
0.002635 -1.8020722954144176e-10
0.0026400000000000004 -1.5427198301577957e-10
0.002645 -1.3200155694521378e-10
0.00265 -1.1288811984250573e-10
0.0026550000000000002 -9.649274802149746e-11
0.00266 -8.24362850600485e-11
0.0026650000000000003 -7.039138421856871e-11
0.00267 -6.007558480186612e-11
0.0026750000000000003 -5.124529166828177e-11
0.00268 -4.369054315328061e-11
0.0026850000000000003 -3.7230466829426784e-11
0.00269 -3.1709334989576016e-11
0.0026950000000000003 -2.69931427092889e-11
0.0027 -2.29666409911078e-11
0.0027050000000000004 -1.953076597107396e-11
0.00271 -1.6600412613484203e-11
0.0027150000000000004 -1.4102507854605542e-11
0.00272 -1.1974343887611507e-11
0.0027250000000000004 -1.0162137304689153e-11
0.0027300000000000002 -8.619784212683424e-12
0.002735 -7.307785290535023e-12
0.0027400000000000002 -6.1923181263355475e-12
0.002745 -5.244437117512248e-12
0.0027500000000000003 -4.4393837911241495e-12
0.002755 -3.7559926480716566e-12
0.0027600000000000003 -3.176179595374504e-12
0.002765 -2.6845017399923722e-12
0.0027700000000000003 -2.2677788071153115e-12
0.002775 -1.9147677429027094e-12
0.0027800000000000004 -1.6158831904101078e-12
0.002785 -1.3629575091364811e-12
0.0027900000000000004 -1.1490348618524084e-12
0.002795 -9.681946334825273e-13
0.0028000000000000004 -8.154000901273476e-13
0.002805 -6.863687443789152e-13
0.0028100000000000004 -5.774613768957124e-13
0.0028150000000000002 -4.855870833748412e-13
0.00282 -4.081220789974151e-13
0.0028250000000000003 -3.4284030647602095e-13
0.00283 -2.8785416541258297e-13
0.0028350000000000003 -2.4156391537965615e-13
0.00284 -2.0261450784783757e-13
0.0028450000000000003 -1.6985877704848895e-13
0.00285 -1.4232607078818763e-13
0.0028550000000000003 -1.191955323405223e-13
0.00286 -9.977335663435975e-14
0.0028650000000000004 -8.347344047031266e-14
0.00287 -6.980092954319623e-14
0.0028750000000000004 -5.833823646267202e-14
0.00288 -4.873316533863851e-14
0.0028850000000000004 -4.068883121105064e-14
0.00289 -3.395510785056611e-14
0.0028950000000000004 -2.832137627026882e-14
0.0029000000000000002 -2.361037956413379e-14
0.002905 -1.9673018197617444e-14
0.0029100000000000003 -1.6383944287580542e-14
0.002915 -1.3637834298875922e-14
0.0029200000000000003 -1.1346237450645149e-14
0.002925 -9.434912395225244e-15
0.0029300000000000003 -7.841577775859013e-15
0.002935 -6.514013404079142e-15
0.0029400000000000003 -5.408458297227391e-15
0.002945 -4.488259916325014e-15
0.0029500000000000004 -3.722735846536539e-15
0.002955 -3.086215040355399e-15
0.0029600000000000004 -2.5572307463461898e-15
0.002965 -2.1178415015688316e-15
0.0029700000000000004 -1.7530601831787536e-15
0.002975 -1.4503741879537723e-15
0.0029800000000000004 -1.1993424179160317e-15
0.0029850000000000002 -9.912569644961102e-16
0.00299 -8.188592615346749e-16
0.0029950000000000003 -6.761020690126645e-16
0.003 -5.579499975750437e-16
0.0030050000000000003 -4.602124252214229e-16
0.00301 -3.794036231496061e-16
0.0030150000000000003 -3.126257242184182e-16
0.00302 -2.574708574716069e-16
0.0030250000000000003 -2.1193935489030913e-16
0.00303 -1.7437142840058493e-16
0.0030350000000000004 -1.433901300787446e-16
0.00304 -1.1785375830274668e-16
0.0030450000000000004 -9.68161673366016e-17
0.00305 -7.949368603038481e-17
0.0030550000000000004 -6.523756019829275e-17
0.0030600000000000002 -5.3511008926711594e-17
0.0030650000000000004 -4.387013275074361e-17
0.0030700000000000002 -3.5948035712567856e-17
0.003075 -2.9441627492174414e-17
0.0030800000000000003 -2.4100659220946886e-17
0.003085 -1.9718619903832184e-17
0.0030900000000000003 -1.6125181826613233e-17
0.003095 -1.3179934801233297e-17
0.0031000000000000003 -1.076719219815846e-17
0.003105 -8.791687773974973e-18
0.0031100000000000004 -7.175012456274153e-18
0.003115 -5.852665449003215e-18
0.0031200000000000004 -4.771615071142814e-18
0.003125 -3.8882823136072015e-18
0.0031300000000000004 -3.166874759716697e-18
0.003135 -2.578010738902353e-18
0.0031400000000000004 -2.0975837704044883e-18
0.0031450000000000002 -1.7058258382758306e-18
0.0031500000000000005 -1.3865351014772458e-18
0.0031550000000000003 -1.1264395182534386e-18
0.00316 -9.14672749019111e-19
0.0031650000000000003 -7.423427612949601e-19
0.00317 -6.021769314499565e-19
0.0031750000000000003 -4.882302361787853e-19
0.00318 -3.9564544785088666e-19
0.0031850000000000003 -3.204561723161429e-19
0.00319 -2.594251623522252e-19
0.0031950000000000004 -2.099116604729176e-19
0.0032 -1.6976261776996765e-19
0.0032050000000000004 -1.372235395397797e-19
0.00321 -1.1086545586734849e-19
0.0032150000000000004 -8.952513289753959e-20
0.00322 -7.22561504940056e-20
0.0032250000000000004 -5.828889287278114e-20
0.0032300000000000002 -4.6997845966922883e-20
0.0032350000000000005 -3.7874881479558526e-20
0.0032400000000000003 -3.050744338966033e-20
0.003245 -2.4560746851353145e-20
0.0032500000000000003 -1.9763259233293262e-20
0.003255 -1.5894864489385853e-20
0.0032600000000000003 -1.2777220108394089e-20
0.003265 -1.0265904669436623e-20
0.0032700000000000003 -8.244026930960185e-21
0.003275 -6.61702720896435e-21
0.0032800000000000004 -5.308450872608175e-21
0.003285 -4.256514013000791e-21
0.0032900000000000004 -3.411314299603069e-21
0.003295 -2.7325670266771554e-21
0.0033000000000000004 -2.1877684388319213e-21
0.003305 -1.7507064900127455e-21
0.0033100000000000004 -1.4002539581644874e-21
0.0033150000000000002 -1.1193909034078112e-21
0.0033200000000000005 -8.944133098702565e-22
0.0033250000000000003 -7.142927918412584e-22
0.00333 -5.7015880318657715e-22
0.0033350000000000003 -4.548801352430322e-22
0.00334 -3.627268442705422e-22
0.0033450000000000003 -2.890972964753882e-22
0.00335 -2.3029790525652407e-22
0.0033550000000000003 -1.833654832821178e-22
0.00336 -1.4592404074294058e-22
0.0033650000000000004 -1.160694119530437e-22
0.00337 -9.22763517932653e-23
0.0033750000000000004 -7.332376554385713e-23
0.00338 -5.823456467664273e-23
0.0033850000000000004 -4.622731325736229e-23
0.0033900000000000002 -3.6677374156189373e-23
0.0033950000000000004 -2.908570523505229e-23
0.0034000000000000002 -2.3053812578684304e-23
0.0034050000000000005 -1.8263656531272297e-23
0.0034100000000000003 -1.4461539697371664e-23
0.003415 -1.1445194652323265e-23
0.0034200000000000003 -9.053441403214932e-24
0.003425 -7.15790756229995e-24
0.0034300000000000003 -5.656403352078912e-24
0.003435 -4.4676235050652615e-24
0.0034400000000000003 -3.52691253910724e-24
0.003445 -2.78288176787537e-24
0.0034500000000000004 -2.1947081635624742e-24
0.003455 -1.7299787811834066e-24
0.0034600000000000004 -1.3629714628562205e-24
0.003465 -1.0732842443899686e-24
0.0034700000000000004 -8.447433178487633e-25
0.0034750000000000002 -6.645333959479276e-25
0.0034800000000000005 -5.225055495516419e-25
0.0034850000000000003 -4.1062659035858874e-25
0.0034900000000000005 -3.225412839935061e-25
0.0034950000000000003 -2.5322445607344928e-25
0.0035 -1.9870467865289043e-25
0.0035050000000000003 -1.5584492466732928e-25
0.00351 -1.2216853682913566e-25
0.0035150000000000003 -9.57212221380234e-26
0.00352 -7.496167202024747e-26
0.0035250000000000004 -5.867491604187935e-26
0.00353 -4.590372031674999e-26
0.0035350000000000004 -3.5894301218049734e-26
0.00354 -2.805338974389255e-26
0.0035450000000000004 -2.1914291077593023e-26
0.00355 -1.7110068899108303e-26
0.0035550000000000004 -1.3352369946485036e-26
0.0035600000000000002 -1.0414711266157574e-26
0.0035650000000000005 -8.119296567894913e-27
0.0035700000000000003 -6.3266219246264865e-27
0.0035750000000000005 -4.927284955344188e-27
0.0035800000000000003 -3.835533759116471e-27
0.003585 -2.9841887351724685e-27
0.0035900000000000003 -2.3206472121502695e-27
0.003595 -1.8037416479763975e-27
0.0036000000000000003 -1.4012703373453636e-27
0.003605 -1.0880576914176724e-27
0.0036100000000000004 -8.444313134975111e-28
0.003615 -6.550269375959709e-28
0.0036200000000000004 -5.078511364550156e-28
0.003625 -3.9354658375430375e-28
0.0036300000000000004 -3.0481639851478036e-28
0.003635 -2.3597336367562497e-28
0.0036400000000000004 -1.825871149672051e-28
0.0036450000000000002 -1.4120815203603044e-28
0.0036500000000000005 -1.0915205706056608e-28
0.0036550000000000003 -8.433087458115827e-29
0.0036600000000000005 -6.51214137738222e-29
0.0036650000000000003 -5.0262442017555336e-29
0.00367 -3.877447358301493e-29
0.0036750000000000003 -2.989722006521706e-29
0.00368 -2.304083905853988e-29
0.0036850000000000003 -1.7747957038150288e-29
0.00369 -1.3664100735409417e-29
0.0036950000000000004 -1.0514687286464447e-29
0.0037 -8.087127648605854e-30
0.0037050000000000004 -6.216914261752276e-30
0.00371 -4.77681159164555e-30
0.0037150000000000004 -3.668461889734578e-30
0.00372 -2.8158699183608372e-30
0.0037250000000000004 -2.160348686159802e-30
0.0037300000000000002 -1.6566006115757348e-30
0.0037350000000000005 -1.2696806242371867e-30
0.0037400000000000003 -9.726439474444438e-31
0.0037450000000000005 -7.447251451354259e-31
0.0037500000000000003 -5.699291765621979e-31
0.003755 -4.359418047747995e-31
0.0037600000000000003 -3.3328741160127526e-31
0.003765 -2.546783803811593e-31
0.0037700000000000003 -1.9451273258038815e-31
0.003775 -1.4848643766629229e-31
0.0037800000000000004 -1.132943754275833e-31
0.003785 -8.639979848945812e-32
0.0037900000000000004 -6.585669602361963e-32
0.003795 -5.017299050618266e-32
0.0038000000000000004 -3.8205235944571697e-32
0.0038050000000000002 -2.907760582766656e-32
0.0038100000000000005 -2.2119600269175895e-32
0.0038150000000000002 -1.6818171799246923e-32
0.0038200000000000005 -1.2780951460121802e-32
0.0038250000000000003 -9.708016087538061e-33
0.0038300000000000005 -7.370224217175261e-33
0.0038350000000000003 -5.592600973395378e-33
0.0038400000000000005 -4.2416018379416845e-33
0.0038450000000000003 -3.215354811659537e-33
0.00385 -2.4361883375981776e-33
0.0038550000000000004 -1.8449125112719532e-33
0.00386 -1.3964444433914329e-33
0.0038650000000000004 -1.0564635755600525e-33
0.00387 -7.988557828418189e-34
0.0038750000000000004 -6.037612517483874e-34
0.00388 -4.560842760335174e-34
0.0038850000000000004 -3.4435625806644906e-34
0.0038900000000000002 -2.598686482041728e-34
0.0038950000000000005 -1.9601207727975087e-34
0.0039000000000000003 -1.4777290840546437e-34
0.0039050000000000005 -1.1134990886260006e-34
0.00391 -8.386253287429315e-35
0.003915 -6.312903603739036e-35
0.003920000000000001 -4.7497792195218164e-35
0.0039250000000000005 -3.571912240587213e-35
0.00393 -2.684795663176647e-35
0.003935 -2.0169949220293413e-35
0.00394 -1.5145425903310622e-35
0.003945000000000001 -1.136688074872416e-35
0.00395 -8.526764201746758e-36
0.003955 -6.393083071431588e-36
0.00396 -4.790927467630936e-36
0.003965000000000001 -3.5884921999257826e-36
0.0039700000000000004 -2.6865045988569534e-36
0.003975 -2.0102327765686667e-36
0.00398 -1.5034476118264335e-36
0.003985000000000001 -1.1238631876538127e-36
0.0039900000000000005 -8.396954458977423e-37
0.003995 -6.2706615818281755e-37
0.004 -4.680455824831565e-37
0.004005000000000001 -3.4917743344316543e-37
0.0040100000000000005 -2.6036789081080654e-37
0.004015 -1.9404923207314757e-37
0.00402 -1.4455052954559087e-37
0.004025 -1.076243914777412e-37
0.004030000000000001 -8.009123717076996e-38
0.004035 -5.957205409019715e-38
0.00404 -4.4287731516392617e-38
0.004045 -3.290846245485839e-38
0.004050000000000001 -2.4440779410942673e-38
0.0040550000000000004 -1.814286305482006e-38
0.00406 -1.3461080237055443e-38
0.004065 -9.982454299934965e-39
0.004070000000000001 -7.39908613985916e-39
0.0040750000000000005 -5.4815348418310666e-39
0.00408 -4.0589119006530684e-39
0.004085 -3.004003464980069e-39
0.004090000000000001 -2.222156283336943e-39
0.0040950000000000005 -1.6429794941383293e-39
0.0041 -1.2141520229963224e-39
0.004105 -8.968036788416345e-40
0.00411 -6.6207180071275005e-40
0.004115000000000001 -4.885355853915039e-40
0.00412 -3.603053639993499e-40
0.004125 -2.6560036659365627e-40
0.00413 -1.9569063313306505e-40
0.004135000000000001 -1.4411023940653788e-40
0.0041400000000000005 -1.0607256755170983e-40
0.004145 -7.803595877973612e-41
0.00415 -5.738123811723246e-41
0.004155000000000001 -4.217241979730456e-41
0.0041600000000000005 -3.0979228380301437e-41
0.004165 -2.2745534557254247e-41
0.00417 -1.6691877272257963e-41
0.004175000000000001 -1.2243277926802338e-41
0.0041800000000000006 -8.975811656551311e-42
0.004185 -6.577082025546079e-42
0.00419 -4.8169961214722954e-42
0.004195 -3.5261668100393347e-42
0.004200000000000001 -2.5799597770633547e-42
0.004205 -1.886716071495513e-42
0.00421 -1.3790617133539586e-42
0.004215 -1.0074984796309112e-42
0.004220000000000001 -7.356794921047501e-43
0.0042250000000000005 -5.3692850282561464e-43
0.00423 -3.9167678747320735e-43
0.004235 -2.8557670697601327e-43
0.004240000000000001 -2.0811400531588546e-43
0.0042450000000000005 -1.515875100663377e-43
0.00425 -1.1035934730653494e-43
0.004255 -8.030423065786286e-44
0.004260000000000001 -5.840517551054376e-44
0.0042650000000000006 -4.2456858121211124e-44
0.00427 -3.0848069427062383e-44
0.004275 -2.2402255763927034e-44
0.00428 -1.6260696485559045e-44
0.004285000000000001 -1.1796961797334627e-44
0.00429 -8.554307268169207e-45
0.004295 -6.19987835607137e-45
0.0043 -4.491228458362824e-45
0.004305000000000001 -3.251852123305056e-45
0.0043100000000000005 -2.3533151854704423e-45
0.004315 -1.702209778548817e-45
0.00432 -1.2306363687924907e-45
0.004325000000000001 -8.89262742309237e-46
0.0043300000000000005 -6.4226483035179655e-46
0.004335 -4.636410540407712e-46
0.00434 -3.3452866141493238e-46
0.004345000000000001 -2.4125064993967285e-46
0.004350000000000001 -1.7389510945738135e-46
0.004355 -1.2528237202492724e-46
0.00436 -9.021448941926058e-47
0.004365 -6.493014284409525e-47
0.004370000000000001 -4.670895614018307e-47
0.004375 -3.358440910337774e-47
0.00438 -2.4135650796790983e-47
0.004385 -1.733660578236177e-47
0.004390000000000001 -1.2446662051423106e-47
0.0043950000000000005 -8.931522392607652e-48
0.0044 -6.405925155420759e-48
0.004405 -4.592212855038639e-48
0.004410000000000001 -3.290379163629484e-48
0.0044150000000000005 -2.3564252891587148e-48
0.00442 -1.6867285710419212e-48
0.004425 -1.206758957782056e-48
0.004430000000000001 -8.629381516417004e-49
0.004435000000000001 -6.167691227538731e-49
0.00444 -4.4060497540016325e-49
0.004445 -3.1460092552176602e-49
0.00445 -2.2451968584487346e-49
0.004455000000000001 -1.6015212009024967e-49
0.00446 -1.1418125190840713e-49
0.004465 -8.136558584847145e-50
0.00447 -5.79522849123391e-50
0.004475000000000001 -4.125572558540538e-50
0.0044800000000000005 -2.935497797220915e-50
0.004485 -2.0876762784582808e-50
0.00449 -1.4839812988629344e-50
0.004495000000000001 -1.0543324626428184e-50
0.0045000000000000005 -7.48704793016406e-51
0.004505 -5.314073264690424e-51
0.00451 -3.769887208219488e-51
0.004515000000000001 -2.673086887240475e-51
0.004520000000000001 -1.8944436827013281e-51
0.004525 -1.3419435062951228e-51
0.00453 -9.501029840541327e-52
0.004535 -6.723432534451404e-52
0.004540000000000001 -4.755490800575221e-52
0.004545 -3.361890552315694e-52
0.00455 -2.3755038074601846e-52
0.004555 -1.6776904457306155e-52
0.004560000000000001 -1.18427313351692e-52
0.0045650000000000005 -8.355565977416784e-53
0.00457 -5.892286072696984e-53
0.004575 -4.1531320022382895e-53
0.004580000000000001 -2.925846991438161e-53
0.0045850000000000005 -2.0602098365130134e-53
0.00459 -1.4499575129636e-53
0.004595 -1.0199598495920195e-53
0.004600000000000001 -7.171249952900048e-54
0.004605000000000001 -5.039536938465922e-54
0.00461 -3.539732141149594e-54
0.004615 -2.4850444665407377e-54
0.00462 -1.743740812423343e-54
0.004625000000000001 -1.2229640994560289e-54
0.0046300000000000004 -8.572934327976289e-55
0.004635 -6.006608171582601e-55
0.00464 -4.206424808424564e-55
0.004645000000000001 -2.944292713082585e-55
0.0046500000000000005 -2.059837067416735e-55
0.004655 -1.440352496820097e-55
0.00466 -1.0066737651135814e-55
0.004665000000000001 -7.032224973971012e-56
0.0046700000000000005 -4.909992299076894e-56
0.004675 -3.426517226243687e-56
0.00468 -2.3900615555741795e-56
0.004685000000000001 -1.6662851186510238e-56
0.004690000000000001 -1.1611106600809228e-56
0.004695 -8.086898280707302e-57
0.0047 -5.6295596420654e-57
0.004705 -3.9169763476979137e-57
0.004710000000000001 -2.724027943714693e-57
0.0047150000000000004 -1.8934605309204736e-57
0.00472 -1.3154824197257223e-57
0.004725 -9.134776754010571e-58
0.004730000000000001 -6.3400827991651264e-58
0.0047350000000000005 -4.3982106679197054e-58
0.00474 -3.049588464406228e-58
0.004745 -2.113443098743617e-58
0.004750000000000001 -1.4639424429526266e-58
0.0047550000000000005 -1.0135415750665426e-58
0.00476 -7.013636623608437e-59
0.004765 -4.850975557863617e-59
0.004770000000000001 -3.3535056880876257e-59
0.004775000000000001 -2.3171446625204195e-59
0.00478 -1.6002631081790127e-59
0.004785 -1.1046222495332272e-59
0.00479 -7.621146890066308e-60
0.004795000000000001 -5.255463623742808e-60
0.0048000000000000004 -3.622312353899661e-60
0.004805 -2.495427312883715e-60
0.00481 -1.718256992488162e-60
0.004815000000000001 -1.1825390427076858e-60
0.0048200000000000005 -8.134428258871978e-61
0.004825 -5.592715904100333e-61
0.00483 -3.843285690500092e-61
0.004835000000000001 -2.6397741246619624e-61
0.0048400000000000006 -1.8122372736291308e-61
0.004845 -1.2435050292027268e-61
0.00485 -8.528334652825953e-62
0.004855000000000001 -5.846085001618049e-62
0.004860000000000001 -4.005439954476389e-62
0.004865 -2.7429603981386995e-62
0.00487 -1.8774702546522105e-62
0.004875 -1.2844310989285516e-62
0.004880000000000001 -8.782795745816451e-63
0.0048850000000000005 -6.002594149882241e-63
0.00489 -4.1004300672264744e-63
0.004895 -2.799652138961244e-63
0.004900000000000001 -1.9105700918299111e-63
0.0049050000000000005 -1.3031851404687162e-63
0.00491 -8.884510594651403e-64
0.004915 -6.054038097047091e-64
0.004920000000000001 -4.123263057322263e-64
0.0049250000000000006 -2.806862855927911e-64
0.00493 -1.9097899544684306e-64
0.004935 -1.29877607624308e-64
0.004940000000000001 -8.82809959148256e-65
0.004945000000000001 -5.99769586090693e-65
0.00495 -4.072732908558914e-65
0.004955 -2.764214236049448e-65
0.00496 -1.8751747709778678e-65
0.004965000000000001 -1.2714406408809095e-65
0.0049700000000000005 -8.616575880425313e-66
0.004975 -5.836569181982888e-66
0.00498 -3.9515261025882405e-66
0.004985000000000001 -2.673969028723133e-66
0.0049900000000000005 -1.808556971524961e-66
0.004995 -1.2226223274542871e-66
0.005 -8.261078742639186e-67
0.005005000000000001 -5.57911759058518e-67
0.0050100000000000006 -3.7659850010323886e-67
0.005015 -2.540832160938387e-67
0.00502 -1.7133957854271575e-67
0.005025000000000001 -1.1548451067835924e-67
0.005030000000000001 -7.77990177813762e-68
0.005035 -5.2385226274902416e-68
0.00504 -3.525558069313363e-68
0.005045 -2.3715444105944077e-68
0.005050000000000001 -1.5944797062297926e-68
0.0050550000000000005 -1.071497293656647e-68
0.00506 -7.19693387077132e-69
0.005065 -4.831570273713079e-69
0.005070000000000001 -3.2420032585530924e-69
0.0050750000000000005 -2.1743174671629188e-69
0.00508 -1.457527732951101e-69
0.005085 -9.765513103358735e-70
0.005090000000000001 -6.539697773682906e-70
0.005095000000000001 -4.3772833851261244e-70
0.0051 -2.9284379529840205e-70
0.005105 -1.958176212272237e-70
0.005110000000000001 -1.3087355458576385e-70
0.005115000000000001 -8.742515542335767e-71
0.00512 -5.837210005815177e-71
0.005125 -3.895458813249016e-71
0.00513 -2.5983419930294674e-71
0.005135000000000001 -1.7322812605691586e-71
0.0051400000000000005 -1.154316504625334e-71
0.005145 -7.688043100156725e-72
0.00515 -5.117892066058133e-72
0.005155000000000001 -3.4052644776360904e-72
0.0051600000000000005 -2.264618176732038e-72
0.005165 -1.5053016858136086e-72
0.00517 -1.0000841139085273e-72
0.005175000000000001 -6.641006936538726e-73
0.005180000000000001 -4.4077379479363977e-73
0.005185 -2.924031386187978e-73
0.00519 -1.93879873169275e-73
0.005195000000000001 -1.2848956551159086e-73
0.005200000000000001 -8.511134110475016e-74
0.005205 -5.634967941700408e-74
0.00521 -3.728892909952748e-74
0.005215 -2.4663392872574024e-74
0.005220000000000001 -1.630460126770055e-74
0.0052250000000000005 -1.077338049248771e-74
0.00523 -7.115055167482279e-75
0.005235 -4.696658740147897e-75
0.005240000000000001 -3.098733321853721e-75
0.0052450000000000005 -2.0434492924305295e-75
0.00525 -1.3468771878672453e-75
0.005255 -8.873125031550241e-76
0.005260000000000001 -5.842647429572187e-76
0.005265000000000001 -3.8452735109680665e-76
0.00527 -2.5294684860799566e-76
0.005275 -1.663090156862677e-76
0.005280000000000001 -1.0929160389465208e-76
0.005285000000000001 -7.178641986152031e-77
0.00529 -4.712835506894794e-77
0.005295 -3.0924790301084425e-77
0.0053 -2.028223182656342e-77
0.005305000000000001 -1.3295639209651901e-77
0.0053100000000000005 -8.711384917298353e-78
0.005315 -5.704921744702355e-78
0.00532 -3.734192374620811e-78
0.005325000000000001 -2.4430265974905247e-78
0.0053300000000000005 -1.597512321682322e-78
0.005335 -1.0441063921775873e-78
0.00534 -6.820713567907449e-79
0.005345000000000001 -4.453478821706723e-79
0.005350000000000001 -2.9063873565794964e-79
0.005355 -1.8957982900765005e-79
0.00536 -1.2359909447012647e-79
0.005365000000000001 -8.054210641575915e-80
0.005370000000000001 -5.2458420918225994e-80
0.0053750000000000004 -3.4150100144076695e-80
0.00538 -2.2220472539154388e-80
0.005385 -1.445104131110323e-80
0.005390000000000001 -9.393545443225676e-81
0.0053950000000000005 -6.103015703752145e-81
0.0054 -3.9631817136732265e-81
0.005405 -2.5723380219471594e-81
0.005410000000000001 -1.6687706206589376e-81
0.0054150000000000005 -1.0820561862502513e-81
0.00542 -7.01273682389947e-82
0.005425 -4.5426558234644943e-82
0.005430000000000001 -2.941146739316481e-82
0.005435000000000001 -1.903303828843254e-82
0.00544 -1.2310738928832132e-82
0.005445 -7.958746938237287e-83
0.005450000000000001 -5.142684090649095e-83
0.005455000000000001 -3.321387732551207e-83
0.0054600000000000004 -2.1440449661230834e-83
0.005465 -1.383352265699165e-83
0.00547 -8.921056066035708e-84
0.005475000000000001 -5.750218413393785e-84
0.0054800000000000005 -3.70456317148049e-84
0.005485 -2.3854716683682754e-84
0.00549 -1.5353101373103625e-84
0.005495000000000001 -9.876488696596621e-85
0.0055000000000000005 -6.350290983323521e-85
0.005505 -4.081025278197917e-85
0.00551 -2.621377394288699e-85
0.005515000000000001 -1.6829624403763995e-85
0.005520000000000001 -1.0799506458496657e-85
0.005525 -6.926566479193355e-86
0.00553 -4.440345064260446e-86
0.005535000000000001 -2.8451164933726584e-86
0.005540000000000001 -1.822082370870511e-86
0.0055450000000000004 -1.166327678437503e-86
0.00555 -7.462043617651589e-87
0.005555 -4.771771204699566e-87
0.005560000000000001 -3.0499033071273e-87
0.0055650000000000005 -1.9483956978385267e-87
0.00557 -1.2440931179220505e-87
0.005575 -7.939867413815143e-88
0.005580000000000001 -5.064752787881782e-88
0.0055850000000000006 -3.2291475932174474e-88
0.00559 -2.0577953561376768e-88
0.005595 -1.310693410868249e-88
0.005600000000000001 -8.344199862150091e-89
0.005605000000000001 -5.309491504321605e-89
0.00561 -3.376803703800661e-89
0.005615 -2.146561599790218e-89
0.005620000000000001 -1.3638466891626565e-89
0.005625000000000001 -8.66108720240711e-90
0.0056300000000000005 -5.497483449565077e-90
0.005635 -3.4877079717990676e-90
0.00564 -2.211571393551067e-90
0.005645000000000001 -1.4016722714587226e-90
0.0056500000000000005 -8.879257912969451e-91
0.005655 -5.622008952878867e-91
0.00566 -3.557878146295296e-91
0.005665000000000001 -2.250480655007832e-91
0.0056700000000000006 -1.4228010526885816e-91
0.005675 -8.990787915287297e-92
0.00568 -5.678531147206575e-92
0.005685000000000001 -3.584750692334307e-92
0.005690000000000001 -2.261864531320574e-92
0.005695 -1.42645775265416e-92
0.0057 -8.991578275374843e-93
0.005705000000000001 -5.6649703279332015e-93
0.005710000000000001 -3.567336242917625e-93
0.0057150000000000005 -2.245304007541779e-93
0.00572 -1.4125081348970077e-93
0.005725 -8.881605250743307e-94
0.005730000000000001 -5.581830967545742e-94
0.0057350000000000005 -3.5062800597948245e-94
0.00574 -2.2014115063606146e-94
0.005745 -1.381467185988621e-94
0.005750000000000001 -8.664921414731107e-95
0.005755000000000001 -5.432170570372843e-95
0.00576 -3.40382235146173e-95
0.005765 -2.131793298585853e-95
0.005770000000000001 -1.3344675603657174e-95
0.005775000000000001 -8.3494077902074e-96
0.00578 -5.221413048026033e-96
0.005785 -3.2636618506211495e-96
0.005790000000000001 -2.038951941028605e-96
0.005795000000000001 -1.273190986399872e-96
0.0058000000000000005 -7.946298128989881e-97
0.005805 -4.957022497196949e-97
0.00581 -3.090734233721565e-97
0.005815000000000001 -1.9261370033330838e-97
0.0058200000000000005 -1.1997684251008344e-97
0.005825 -7.4695153699775e-98
0.00583 -4.6480647320268057e-98
0.005835000000000001 -2.8909238864287224e-98
0.005840000000000001 -1.7971564944667984e-98
0.005845 -1.1166572425108205e-98
0.00585 -6.934874892402441e-99
0.005855000000000001 -4.304692457728901e-99
0.005860000000000001 -2.6707324619344623e-99
0.005865 -1.6561642279137703e-99
0.00587 -1.026505251619156e-99
0.005875000000000001 -6.359218010939285e-100
0.005880000000000001 -3.9375947484912334e-100
0.0058850000000000005 -2.436930182225405e-100
0.00589 -1.5074396180784616e-100
0.005895 -9.320120634471588e-101
0.005900000000000001 -5.759541534060235e-101
0.0059050000000000005 -3.557452167578305e-101
0.00591 -2.1962157428435783e-101
0.005915 -1.355176022828379e-101
0.005920000000000001 -8.357977497053741e-102
0.005925000000000001 -5.152185220997118e-102
0.00593 -3.1744355997184945e-102
0.005935 -1.954908160455162e-102
0.005940000000000001 -1.2032918776600179e-102
0.005945000000000001 -7.402874718724421e-103
0.00595 -4.552129463629219e-103
0.005955 -2.797780267351588e-103
0.005960000000000001 -1.7186893858783057e-103
0.005965000000000001 -1.0552758104832954e-103
0.0059700000000000005 -6.476186833331752e-104
0.005975 -3.9724419112204406e-104
0.00598 -2.4354574292820628e-104
0.005985000000000001 -1.4924106289765322e-104
0.0059900000000000005 -9.140731017764393e-105
0.005995 -5.5957503675031016e-105
0.006 -3.4238958309762283e-105
0.006005000000000001 -2.0939560634386895e-105
0.006010000000000001 -1.2799688442632534e-105
0.006015 -7.820167337388414e-106
0.00602 -4.775485267179856e-106
0.006025000000000001 -2.914766639427776e-106
0.006030000000000001 -1.7781765965336445e-106
0.006035 -1.084253444663384e-106
0.00604 -6.608023118551124e-107
0.006045000000000001 -4.0252895067407034e-107
0.006050000000000001 -2.4507979847721613e-107
0.0060550000000000005 -1.4914295227088423e-107
0.00606 -9.07157689415671e-108
0.006065 -5.515027315097888e-108
0.006070000000000001 -3.3511771195394283e-108
0.0060750000000000005 -2.035316395449565e-108
0.00608 -1.2355243702409774e-108
0.006085 -7.496448107077556e-109
0.006090000000000001 -4.546158795851133e-109
0.006095000000000001 -2.7556147771518425e-109
0.0061 -1.6694647419676974e-109
0.006105 -1.0109294360221043e-109
0.006110000000000001 -6.118560793933237e-110
0.006115000000000001 -3.701370543990247e-110
0.0061200000000000004 -2.2380031777572228e-110
0.006125 -1.3525199641794822e-110
0.006130000000000001 -8.169801835578102e-111
0.006135000000000001 -4.932467303852237e-111
0.0061400000000000005 -2.9764717409028633e-111
0.006145 -1.7952468352161354e-111
0.00615 -1.0822595709069162e-111
0.006155000000000001 -6.521140560671349e-112
0.0061600000000000005 -3.927358530046593e-112
0.006165 -2.364081272442977e-112
0.00617 -1.4223586588412408e-112
0.006175000000000001 -8.553437896434988e-113
0.006180000000000001 -5.141113132229225e-113
0.006185 -3.088577373329164e-113
0.00619 -1.8545762003255326e-113
0.006195000000000001 -1.1130527639761769e-113
0.006200000000000001 -6.676851201706145e-114
0.0062050000000000004 -4.003248225442451e-114
0.00621 -2.3990440374828906e-114
0.006215000000000001 -1.4369736355336575e-114
0.006220000000000001 -8.602887853280963e-115
0.0062250000000000005 -5.147834851393308e-115
0.00623 -3.0788592421287784e-115
0.006235 -1.8405174914926375e-115
0.006240000000000001 -1.0997018390172967e-115
0.0062450000000000006 -6.56742077598512e-116
0.00625 -3.9201223713649543e-116
0.006255 -2.33877960552513e-116
0.006260000000000001 -1.3946456143661328e-116
0.006265000000000001 -8.312340556821375e-117
0.00627 -4.951852353144454e-117
0.006275 -2.94847156814327e-117
0.006280000000000001 -1.7547332321223037e-117
0.006285000000000001 -1.0437828551006177e-117
0.0062900000000000005 -6.205747763787746e-118
0.006295 -3.6877628417370844e-118
0.006300000000000001 -2.1903663258889895e-118
0.006305000000000001 -1.3003355359700229e-118
0.0063100000000000005 -7.715765445228527e-119
0.006315 -4.576015770048985e-119
0.00632 -2.7125697825645185e-119
0.006325000000000001 -1.607160460860002e-119
0.0063300000000000006 -9.517490975440604e-120
0.006335 -5.633400445005487e-120
0.00634 -3.3327573206823044e-120
0.006345000000000001 -1.9707052658900824e-120
0.006350000000000001 -1.1647281801563703e-120
0.006355 -6.880379779977783e-121
0.00636 -4.062423179680923e-121
0.006365000000000001 -2.3974128935140437e-121
0.006370000000000001 -1.4141173073687105e-121
0.0063750000000000005 -8.337060745141655e-122
0.00638 -4.912758579299027e-122
0.006385000000000001 -2.893495489681141e-122
0.006390000000000001 -1.7033548373985397e-122
0.0063950000000000005 -1.0022414951792448e-122
0.0064 -5.8941958903077116e-123
0.006405 -3.4646684927827324e-123
0.006410000000000001 -2.0355592360400626e-123
0.0064150000000000006 -1.1953380442105815e-123
0.00642 -7.015888508022701e-124
0.006425 -4.11585017231247e-124
0.006430000000000001 -2.4133559283908866e-124
0.006435000000000001 -1.4143866295435651e-124
0.00644 -8.285140015550269e-125
0.006445 -4.850835072420293e-125
0.006450000000000001 -2.8386909535211484e-125
0.006455000000000001 -1.6603691976758603e-125
0.0064600000000000005 -9.70680204585377e-126
0.006465 -5.6719530876075736e-126
0.006470000000000001 -3.312638468182476e-126
0.006475000000000001 -1.9337503544080276e-126
0.0064800000000000005 -1.1282665896363266e-126
0.006485 -6.579729006907386e-127
0.00649 -3.835210847867365e-127
0.006495000000000001 -2.2343718089405304e-127
0.006500000000000001 -1.3010877947794697e-127
0.006505 -7.572560038656217e-128
0.00651 -4.4051815523712645e-128
0.006515000000000001 -2.5613555227410775e-128
0.006520000000000001 -1.4885412787621583e-128
0.006525 -8.646430786496379e-129
0.00653 -5.0199318989653694e-129
0.006535000000000001 -2.913021917586077e-129
0.006540000000000001 -1.6895640143107544e-129
0.0065450000000000005 -9.794686115221814e-130
0.00655 -5.6753332694953206e-130
0.006555000000000001 -3.2868296176346834e-130
0.006560000000000001 -1.9026021848643187e-130
0.0065650000000000005 -1.1007882087024925e-130
0.00657 -6.365675943535445e-131
0.006575 -3.6793429031741056e-131
0.006580000000000001 -2.12559727717239e-131
0.006585000000000001 -1.227373349482402e-131
0.00659 -7.083654614318701e-132
0.006595 -4.0862322986253535e-132
0.006600000000000001 -2.3559914717846297e-132
0.006605000000000001 -1.357717339165627e-132
0.00661 -7.82041867843485e-133
0.006615 -4.5023124969343875e-133
0.006620000000000001 -2.590754483458468e-133
0.006625000000000001 -1.4900535447451027e-133
0.0066300000000000005 -8.565692630384444e-134
0.006635 -4.921620166590483e-134
0.006640000000000001 -2.826433016440236e-134
0.006645000000000001 -1.6223864115088438e-134
0.0066500000000000005 -9.30796844575023e-135
0.006655 -5.337532166384631e-135
0.00666 -3.0592228203700403e-135
0.006665000000000001 -1.7525350740250514e-135
0.006670000000000001 -1.003476787861981e-135
0.006675 -5.742922415101335e-136
0.00668 -3.2850620273278135e-136
0.006685000000000001 -1.8781886302592146e-136
0.006690000000000001 -1.0732968368254951e-136
0.006695 -6.130353270265477e-137
0.0067 -3.499743102771439e-137
0.006705000000000001 -1.9969713918988975e-137
0.006710000000000001 -1.1389182032314893e-137
0.0067150000000000005 -6.492294927167525e-138
0.00672 -3.699039448099006e-138
0.006725000000000001 -2.106515711889379e-138
0.006730000000000001 -1.1990173330407845e-138
0.0067350000000000005 -6.821364233204305e-139
0.00674 -3.878841549881927e-139
0.006745 -2.204539377596918e-139
0.006750000000000001 -1.2523297724026464e-139
0.006755000000000001 -7.110572595906236e-140
0.00676 -4.035296675746653e-140
0.006765 -2.2889240971152455e-140
0.006770000000000001 -1.2976941321226235e-140
0.006775000000000001 -7.35357149947647e-141
0.0067800000000000004 -4.16494555171639e-141
0.006785 -2.3577913407118146e-141
0.006790000000000001 -1.3340940306176463e-141
0.006795000000000001 -7.544883653318345e-142
0.0068000000000000005 -4.264849281531698e-142
0.006805 -2.4095717599285234e-142
0.006810000000000001 -1.3606959065995326e-142
0.006815000000000001 -7.6801080490463425e-143
0.0068200000000000005 -4.332700018101764e-143
0.006825 -2.4430646076416356e-143
0.00683 -1.3768807394510894e-143
0.006835000000000001 -7.756088215954854e-144
0.006840000000000001 -4.3669095715555405e-144
0.006845 -2.4574840191096775e-144
0.00685 -1.3822679923792823e-144
0.006855000000000001 -7.771034695033898e-145
0.006860000000000001 -4.3666712042592816e-145
0.0068650000000000004 -2.452489663428059e-145
0.00687 -1.376730485279903e-145
0.006875000000000001 -7.724595096224749e-146
0.006880000000000001 -4.331991255521834e-146
0.0068850000000000005 -2.428200096056816e-146
0.00689 -1.3603993856315658e-146
0.006895000000000001 -7.617867909100693e-147
0.006900000000000001 -4.26368886491922e-147
0.0069050000000000005 -2.3851880809217914e-147
0.00691 -1.3336590439439958e-147
0.006915 -7.453359311206483e-148
0.006920000000000001 -4.1633638109378276e-148
0.006925000000000001 -2.3244581398071725e-148
0.00693 -1.2971319576898275e-148
0.006935 -7.23488534532363e-149
0.006940000000000001 -4.033334228080397e-149
0.006945000000000001 -2.247407557778624e-149
0.0069500000000000004 -1.2516546850498436e-149
0.006955 -6.967424797053634e-150
0.006960000000000001 -3.876547588094924e-150
0.006965000000000001 -2.1557729581461527e-150
0.0069700000000000005 -1.1982460096666882e-150
0.006975 -6.656930691618168e-151
0.006980000000000001 -3.6964697175155134e-151
0.006985000000000001 -2.0515652983788943e-151
0.0069900000000000006 -1.138069047337325e-151
0.006995 -6.310110369813957e-152
0.007 -3.4969576822188067e-152
0.007005000000000001 -1.9369966811782273e-152
0.007010000000000001 -1.072389260188682e-152
0.007015 -5.934185469631716e-153
0.00702 -3.282123035731702e-153
0.007025000000000001 -1.814402690682613e-153
0.007030000000000001 -1.00253048792599e-153
0.0070350000000000005 -5.536643759899867e-154
0.00704 -3.056192169180617e-154
0.007045000000000001 -1.6861640390616414e-154
0.007050000000000001 -9.298311143517978e-155
0.0070550000000000005 -5.124994632997179e-155
0.00706 -2.823370318553579e-155
0.007065000000000001 -1.5546311490475094e-155
0.007070000000000001 -8.55602366175962e-156
0.0070750000000000006 -4.706539211362322e-156
0.00708 -2.587715212978126e-156
0.007085 -1.4220549264004625e-156
0.007090000000000001 -7.81090505469409e-157
0.007095000000000001 -4.288164555095094e-157
0.0071 -2.353025447530497e-157
0.007105 -1.2905264308167366e-157
0.007110000000000001 -7.074443500173459e-158
0.007115000000000001 -3.8761695142147844e-158
0.0071200000000000005 -2.1227475182044933e-158
0.007125 -1.161927483102798e-158
0.007130000000000001 -6.356891657952715e-159
0.007135000000000001 -3.476127514475676e-159
0.0071400000000000005 -1.8999041605479222e-159
0.007145 -1.0378935051923857e-159
0.007150000000000001 -5.667075539900905e-160
0.007155000000000001 -3.092789176670731e-160
0.0071600000000000006 -1.6870452865857065e-160
0.007165 -9.197891335971757e-161
0.00717 -5.012275324902127e-161
0.007175000000000001 -2.7300253183528815e-161
0.007180000000000001 -1.486221512014665e-161
0.007185 -8.086964282161377e-162
0.00719 -4.3981761701237265e-162
0.007195000000000001 -2.3908087280822966e-162
0.007200000000000001 -1.2989790904281037e-162
0.0072050000000000005 -7.054148616663333e-163
0.00721 -3.828883637160679e-163
0.007215000000000001 -2.0772312608995135e-163
0.007220000000000001 -1.1263740891160331e-163
0.0072250000000000005 -6.10471753493831e-164
0.00723 -3.3069956078564445e-164
0.007235000000000001 -1.790551368560075e-164
0.007240000000000001 -9.69002896251606e-165
0.007245000000000001 -5.241414306408138e-165
0.00725 -2.833720615617162e-165
0.007255 -1.531266198358749e-165
0.007260000000000001 -8.270456640706447e-166
0.007265000000000001 -4.464711596625849e-166
0.00727 -2.409031398450978e-166
0.007275 -1.2992018800429727e-166
0.007280000000000001 -7.003190673356725e-167
0.007285000000000001 -3.773118047605206e-167
0.0072900000000000005 -2.0318421596179822e-167
0.007295 -1.093615546125499e-167
0.007300000000000001 -5.883347723130738e-168
0.007305000000000001 -3.1635120587757417e-168
0.0073100000000000005 -1.7001984159504433e-168
0.007315 -9.133029427267079e-169
0.007320000000000001 -4.9036023489590586e-169
0.007325000000000001 -2.6314842219380344e-169
0.007330000000000001 -1.4114692975559398e-169
0.007335 -7.567061112706967e-170
0.00734 -4.054788332753145e-170
0.007345000000000001 -2.1716722252889753e-170
0.007350000000000001 -1.1625335857463168e-170
0.007355 -6.220164694550346e-171
0.00736 -3.3264684119932526e-171
0.007365000000000001 -1.778074972507718e-171
0.007370000000000001 -9.49952479349535e-172
0.0073750000000000005 -5.072696033001492e-172
0.00738 -2.707453122111806e-172
0.007385000000000001 -1.4443358837948748e-172
0.007390000000000001 -7.701239084249873e-173
0.0073950000000000005 -4.1042911554200324e-173
0.0074 -2.186255265868407e-173
0.007405000000000001 -1.1639886016204516e-173
0.007410000000000001 -6.194150302948623e-174
0.007415000000000001 -3.2945788431667676e-174
0.00742 -1.751472107858603e-174
0.007425 -9.306613997961585e-175
0.007430000000000001 -4.94271231533664e-175
0.007435000000000001 -2.623760096984496e-175
0.00744 -1.392092424419544e-175
0.007445 -7.382393255717272e-176
0.007450000000000001 -3.913014359702005e-176
0.007455000000000001 -2.073055205904284e-176
0.0074600000000000005 -1.0977298016138687e-176
0.007465 -5.809853801047565e-177
0.007470000000000001 -3.073407282291103e-177
0.007475000000000001 -1.625025542262771e-177
0.0074800000000000005 -8.587869409209446e-178
0.007485 -4.536238049783625e-178
0.007490000000000001 -2.3949221932467663e-178
0.007495000000000001 -1.2637819457796114e-178
0.007500000000000001 -6.665581650746946e-179
0.007505 -3.513897808164852e-179
0.00751 -1.85150705291423e-179
0.007515000000000001 -9.75094674218688e-180
0.007520000000000001 -5.132788496255991e-180
0.0075250000000000004 -2.7005058663710843e-180
0.00753 -1.4201102222803403e-180
0.007535000000000001 -7.464215256888526e-181
0.007540000000000001 -3.921312294753186e-181
0.0075450000000000005 -2.0590357235360068e-181
0.00755 -1.0806411660445959e-181
0.007555000000000001 -5.668710913958635e-182
0.007560000000000001 -2.9721607141024646e-182
0.0075650000000000005 -1.5575623716355422e-182
0.00757 -8.158377234135838e-183
0.007575000000000001 -4.271174334186299e-183
0.007580000000000001 -2.2349921071340725e-183
0.007585000000000001 -1.1689336756311208e-183
0.00759 -6.110671377255264e-184
0.007595 -3.1928106942713675e-184
0.007600000000000001 -1.667410736098061e-184
0.007605000000000001 -8.703565491161542e-185
0.0076100000000000004 -4.540848311857568e-185
0.007615 -2.367892450212852e-185
0.007620000000000001 -1.2341619068039158e-185
0.007625000000000001 -6.429356229259321e-186
0.0076300000000000005 -3.347711535389437e-186
0.007635 -1.7422631730779349e-186
0.007640000000000001 -9.062847542601473e-187
0.007645000000000001 -4.711951175206818e-187
0.0076500000000000005 -2.448623876144428e-187
0.007655 -1.2718285496692956e-187
0.007660000000000001 -6.602680032045726e-188
0.007665000000000001 -3.426077058686588e-188
0.007670000000000001 -1.7768844864069674e-188
0.007675 -9.21099314263828e-189
0.007680000000000001 -4.772422862596501e-189
0.007685000000000001 -2.4714769937458483e-189
0.007690000000000001 -1.2792617755952471e-189
0.0076950000000000005 -6.618315584747625e-190
0.0077 -3.4223208160815535e-190
0.007705000000000001 -1.7688017717542251e-190
0.007710000000000001 -9.137403637321846e-191
0.0077150000000000005 -4.717931767095268e-191
0.00772 -2.4348135073806948e-191
0.007725000000000001 -1.2559286017842362e-191
0.007730000000000001 -6.4751435657799826e-192
0.0077350000000000006 -3.3367145585023293e-192
0.00774 -1.7185964661172895e-192
0.007745000000000001 -8.84736566692767e-193
0.007750000000000001 -4.5523877446468895e-193
0.007755000000000001 -2.3412604015018674e-193
0.00776 -1.2034980776668247e-193
0.007765000000000001 -6.183385020170394e-194
0.007770000000000001 -3.175355734654524e-194
0.007775000000000001 -1.6298351957204455e-194
0.0077800000000000005 -8.36142324266954e-195
0.007785 -4.2874782799671e-195
0.007790000000000001 -2.1973987321470508e-195
0.007795000000000001 -1.1256438890206485e-195
0.0078000000000000005 -5.76339491149649e-196
0.007805 -2.949449418291375e-196
0.007810000000000001 -1.508650844834935e-196
0.007815 -7.71297178175231e-197
0.00782 -3.9413042337638864e-197
0.007825 -2.0129982303108325e-197
0.00783 -1.0276188045660365e-197
0.007835 -5.243314523860408e-198
0.007840000000000001 -2.6740221165572994e-198
0.007845000000000001 -1.363042189616222e-198
0.007850000000000001 -6.944465448717761e-199
0.007855000000000001 -3.5363363435799976e-199
0.00786 -1.7999213479559954e-199
0.007865 -9.156694247566654e-200
0.00787 -4.65595870480646e-200
0.007875 -2.3662724609720622e-200
0.00788 -1.2020031404679376e-200
0.007885000000000001 -6.102835718017198e-201
0.007890000000000001 -3.097012662873938e-201
0.007895000000000001 -1.570867332118679e-201
0.0079 -7.963816806727462e-202
0.007905 -4.03541534544909e-202
0.00791 -2.0438096641074787e-202
0.007915 -1.0346128870170235e-202
0.00792 -5.234805470412256e-203
0.007925000000000001 -2.647332192740555e-203
0.007930000000000001 -1.3381400348015708e-203
0.007935000000000001 -6.760517140445012e-204
0.007940000000000001 -3.413842679213599e-204
0.007945 -1.7230279440167832e-204
0.00795 -8.692133158400223e-205
0.007955 -4.382739460962674e-205
0.00796 -2.208768353604701e-205
0.007965 -1.1126022222553138e-205
0.007970000000000001 -5.601636329498584e-206
0.007975000000000001 -2.8188705536923133e-206
0.007980000000000001 -1.4178183483374286e-206
0.007985 -7.127730800657704e-207
0.00799 -3.581518702415915e-207
0.007995 -1.7987400152874865e-207
0.008 -9.029315081169374e-208
0.008005 -4.5302947586015285e-208
0.008010000000000001 -2.2718693467631068e-208
0.008015000000000001 -1.1387423826910574e-208
0.008020000000000001 -5.704963360657399e-209
0.008025000000000001 -2.856705536643118e-209
0.00803 -1.4297606372755252e-209
0.008035 -7.152311812118038e-210
0.00804 -3.576142263154282e-210
0.008045 -1.7871803449342702e-210
0.00805 -8.927034582929988e-211
0.008055000000000001 -4.456883693819127e-211
0.008060000000000001 -2.2240299497048055e-211
0.008065000000000001 -1.1092647416222888e-211
0.00807 -5.529871436693691e-212
0.008075 -2.7553711614524894e-212
0.00808 -1.3722411287623843e-212
0.008085 -6.830712472264995e-213
0.00809 -3.398496508804428e-213
0.008095000000000001 -1.690024118096548e-213
0.008100000000000001 -8.40009559186816e-214
0.008105000000000001 -4.173119357666951e-214
0.008110000000000001 -2.0721569045877902e-214
0.008115 -1.0284181237691727e-214
0.00812 -5.101548971288919e-215
0.008125 -2.529412456035611e-215
0.00813 -1.2534946973570772e-215
0.008135 -6.208841955827872e-216
0.008140000000000001 -3.073859165641278e-216
0.008145000000000001 -1.5210468224693926e-216
0.008150000000000001 -7.522920257375597e-217
0.008155 -3.718909344667002e-217
0.00816 -1.8375111539815462e-217
0.008165 -9.074644816849632e-218
0.00817 -4.479345352863756e-218
0.008175 -2.2099615603520554e-218
0.008180000000000002 -1.0897833121185282e-218
0.008185000000000001 -5.371317799339393e-219
0.008190000000000001 -2.6461033726956314e-219
0.008195000000000001 -1.3029208293385822e-219
0.0082 -6.412310020534892e-220
0.008205 -3.1542510752166156e-220
0.00821 -1.5508267123737483e-220
0.008215 -7.621062994433743e-221
0.00822 -3.7432867400965607e-221
0.008225000000000001 -1.837705464529254e-221
0.008230000000000001 -9.017455019902238e-222
0.008235000000000001 -4.422596626188249e-222
0.00824 -2.1679833578493433e-222
0.008245 -1.0622330913379205e-222
0.00825 -5.201983599967776e-223
0.008255 -2.546263828418732e-223
0.00826 -1.2457276183258344e-223
0.008265000000000002 -6.091553412561148e-224
0.008270000000000001 -2.9772704828644326e-224
0.008275000000000001 -1.4544332658735194e-224
0.008280000000000001 -7.101573387773191e-225
0.008285 -3.4657771413554225e-225
0.00829 -1.6905653387495924e-225
0.008295 -8.24230274692926e-226
0.0083 -4.016524676926262e-226
0.008305 -1.9563096275532075e-226
0.008310000000000001 -9.523794614843824e-227
0.008315000000000001 -4.634124812896193e-227
0.008320000000000001 -2.253775790710331e-227
0.008325 -1.095567070750683e-227
0.00833 -5.322951503623516e-228
0.008335 -2.5849451220498358e-228
0.00834 -1.2546870778093752e-228
0.008345 -6.087021039304081e-229
0.008350000000000002 -2.951613317477508e-229
0.008355000000000001 -1.4305380067058149e-229
0.008360000000000001 -6.929862569120026e-230
0.008365000000000001 -3.355329115401246e-230
0.00837 -1.6237939228879872e-230
0.008375 -7.854381311066514e-231
0.00838 -3.797329953002842e-231
0.008385 -1.8349742448760996e-231
0.00839 -8.86271728979578e-232
0.008395000000000001 -4.278476043829876e-232
0.008400000000000001 -2.06441306667935e-232
0.008405000000000001 -9.956102991328579e-233
0.00841 -4.799184529593007e-233
0.008415 -2.3122287937942194e-233
0.00842 -1.113472381850264e-233
0.008425 -5.359365577843012e-234
0.00843 -2.578294991372387e-234
0.008435000000000002 -1.239758564561144e-234
0.008440000000000001 -5.958362474291002e-235
0.008445000000000001 -2.86221341757734e-235
0.008450000000000001 -1.3742394076785914e-235
0.008455 -6.594897880986628e-236
0.00846 -3.163290262248463e-236
0.008465 -1.5165450183570766e-236
0.00847 -7.267028487524601e-237
0.008475 -3.480516625580577e-237
0.008480000000000001 -1.6661567509730097e-237
0.008485000000000001 -7.972110261689718e-238
0.008490000000000001 -3.812554249153672e-238
0.008495 -1.8224014966439712e-238
0.0085 -8.70677640049722e-239
0.008505 -4.157727448999211e-239
0.00851 -1.984448988607397e-239
0.008515 -9.466929887732148e-240
0.008520000000000002 -4.514022095937777e-240
0.008525000000000001 -2.1513124952820105e-240
0.008530000000000001 -1.0247752278703951e-240
0.008535000000000001 -4.8790923421381825e-241
0.00854 -2.321853198612509e-241
0.008545 -1.1043729959872515e-241
0.00855 -5.250275606723628e-242
0.008555 -2.494788463149262e-242
0.00856 -1.1848698677427244e-242
0.008565000000000001 -5.624616111516594e-243
0.008570000000000001 -2.6687040934165924e-243
0.008575000000000001 -1.2655906606897126e-243
0.00858 -5.998897006457071e-244
0.008585 -2.84207055657695e-244
0.00859 -1.3458095660554493e-244
0.008595 -6.369680851058388e-245
0.0086 -3.013263018177448e-245
0.008605000000000002 -1.4247600120904592e-245
0.008610000000000001 -6.733357932923422e-246
0.008615000000000001 -3.1805849055553134e-246
0.008620000000000001 -1.5016461069335525e-246
0.008625 -7.086201617720068e-247
0.00863 -3.34229458142391e-247
0.008635 -1.5756554473389503e-247
0.00864 -7.42442964879287e-248
0.008645 -3.4966345848095783e-248
0.008650000000000001 -1.6459730230637273e-248
0.008655000000000001 -7.744270060844984e-249
0.008660000000000001 -3.6418627834193497e-249
0.008665 -1.7117958966550724e-249
0.00867 -8.042030152457424e-250
0.008675 -3.776284685993268e-250
0.00868 -1.7723482972627846e-250
0.008685 -8.314166787488226e-251
0.008690000000000002 -3.898286090033748e-251
0.008695000000000001 -1.826896737095944e-251
0.008700000000000001 -8.557356175086192e-252
0.008705000000000001 -4.006365193718369e-252
0.00871 -1.8747647418884028e-252
0.008715 -8.768561219299326e-253
0.00872 -4.099163283585974e-253
0.008725 -1.9153467835901614e-253
0.00873 -8.945094537102154e-254
0.008735000000000001 -4.175493123861439e-254
0.008740000000000001 -1.9481210150333154e-254
0.008745000000000001 -9.084675320207052e-255
0.00875 -4.2343642193655795e-255
0.008755 -1.972660432586906e-255
0.00876 -9.185478360122492e-256
0.008765 -4.2750042009677556e-256
0.00877 -1.9886421331545832e-256
0.008775000000000002 -9.24617376385568e-257
0.008780000000000001 -4.296875688302402e-257
0.008785000000000001 -1.9958543850248767e-257
0.008790000000000001 -9.265956152311627e-258
0.008795 -4.299688115124037e-258
0.0088 -1.9942012961321542e-258
0.008805 -9.244562445199521e-259
0.00881 -4.2834041534909204e-259
0.008815 -1.9837049358378476e-259
0.008820000000000001 -9.182277683470636e-260
0.008825000000000001 -4.248240538278791e-260
0.008830000000000001 -1.96450484460953e-260
0.008835 -9.079928709114896e-261
0.00884 -4.194663266525647e-261
0.008845 -1.9368549468244754e-261
0.00885 -8.938865898243979e-262
0.008855 -4.123377320257317e-262
0.008860000000000002 -1.901117962172557e-262
0.008865000000000001 -8.760933511558411e-263
0.008870000000000001 -4.0353112296682686e-263
0.008875000000000001 -1.8577574876041144e-263
0.00888 -8.548429572303144e-264
0.008885 -3.9315969491139566e-264
0.00889 -1.8073279914266417e-264
0.008895 -8.304056491658029e-265
0.0089 -3.8135456555231925e-265
0.008905000000000001 -1.7504630213814004e-265
0.008910000000000001 -8.030863924056883e-266
0.008915000000000001 -3.682620192229691e-266
0.00892 -1.687861977009509e-266
0.008925 -7.732185540164438e-267
0.00893 -3.5404049668225364e-267
0.008935 -1.6202758318328283e-267
0.00894 -7.411571546514026e-268
0.008945000000000002 -3.388574166953231e-268
0.008950000000000001 -1.548492211618214e-268
0.008955000000000001 -7.072718854461784e-269
0.008960000000000001 -3.2288591815070396e-269
0.008965 -1.4733202409588239e-269
0.00897 -6.719400806060725e-270
0.008975 -3.063016106343727e-270
0.00898 -1.3955755618654944e-270
0.008985 -6.355398302945794e-271
0.008990000000000001 -2.892794175575101e-271
0.008995000000000001 -1.3160659058616558e-271
0.009000000000000001 -5.984434061604817e-272
0.009005 -2.719905893510071e-272
0.00901 -1.2355775666333414e-272
0.009015 -5.610111541665872e-273
0.00902 -2.545999552931516e-273
0.009025 -1.1548630755887209e-273
0.009030000000000002 -5.235859872417764e-274
0.009035000000000001 -2.372634716910661e-274
0.009040000000000001 -1.0746303299049263e-274
0.009045000000000001 -4.8648858480640035e-275
0.00905 -2.2012611190353324e-275
0.009055 -9.955333642698705e-276
0.00906 -4.500133785261417e-276
0.009065 -2.033201306265326e-276
0.00907 -9.18164896199043e-277
0.009075000000000001 -4.144253749872249e-277
0.009080000000000001 -1.8696372152667774e-277
0.009085000000000001 -8.430507130226025e-278
0.00909 -3.799578374827337e-278
0.009095 -1.7116007422262516e-278
0.0091 -7.706459087870182e-279
0.009105 -3.46810821865902e-279
0.00911 -1.5599682426374059e-279
0.009115000000000002 -7.013329236165521e-280
0.009120000000000001 -3.151505363964794e-280
0.009125000000000001 -1.4154587856798112e-280
0.009130000000000001 -6.354212882844364e-281
0.009135 -2.851094734659093e-281
0.00914 -1.2786358908291783e-281
0.009145 -5.731489343131904e-282
0.00915 -2.567872426520198e-282
0.009155 -1.1499123947245243e-282
0.009160000000000001 -5.146848958595704e-283
0.009165000000000001 -2.302520201005665e-283
0.009170000000000001 -1.0295580356917784e-283
0.009175 -4.601332044921094e-284
0.00918 -2.0554251895709937e-284
0.009185 -9.177093021538258e-285
0.00919 -4.095377618721298e-285
0.009195 -1.8267037949315164e-285
0.009200000000000002 -8.1438106923472545e-286
0.009205000000000001 -3.6288796805919328e-286
0.009210000000000001 -1.6162287548822367e-286
0.009215000000000001 -7.194795441144046e-287
0.00922 -3.201248840667591e-287
0.009225 -1.4236583502788748e-287
0.00923 -6.328160533688826e-288
0.009235 -2.8114771549681662e-288
0.00924 -1.2484667871685065e-288
0.009245000000000001 -5.541212324531897e-289
0.009250000000000001 -2.458204185235109e-289
0.009255000000000001 -1.089974858383852e-289
0.009260000000000001 -4.830592160140673e-290
0.009265 -2.1397824890196116e-290
0.00927 -9.473800863734276e-291
0.009275 -4.1924147515561114e-291
0.00928 -1.854340977659426e-291
0.009285000000000002 -8.197856605728067e-292
0.009290000000000001 -3.6224000124742414e-292
0.009295000000000001 -1.5998448345335933e-292
0.009300000000000001 -7.062276032230185e-293
0.009305 -3.1159959264295155e-293
0.00931 -1.374150952001505e-293
0.009315 -6.0569972156638845e-294
0.00932 -2.668490582620611e-294
0.009325 -1.175058111492509e-294
0.009330000000000001 -5.171760268191512e-295
0.009335000000000001 -2.2751120811340116e-295
0.009340000000000001 -1.000351387480177e-295
0.009345000000000001 -4.3963041684610026e-296
0.00935 -1.9311155361820365e-296
0.009355 -8.478404942925092e-297
0.00936 -3.7205352654991125e-297
0.009365 -1.6318568856290782e-297
0.009370000000000002 -7.15392008633104e-298
0.009375000000000001 -3.1346674504174802e-298
0.009380000000000001 -1.3728536355393033e-298
0.009385000000000001 -6.009555859236534e-299
0.00939 -2.629334798765946e-299
0.009395 -1.1498330229049802e-299
0.0094 -5.0258444246131425e-300
0.009405 -2.1956781507905526e-300
0.00941 -9.587683649608492e-301
0.009415000000000001 -4.184504970118771e-301
0.009420000000000001 -1.8254076117890944e-301
0.009425000000000001 -7.959045796132135e-302
0.009430000000000001 -3.4685465532012456e-302
0.009435 -1.510843324243126e-302
0.00944 -6.577740114281335e-303
0.009445 -2.8623278086904474e-303
0.00945 -1.2449370972399224e-303
0.009455000000000002 -5.4120378651107265e-304
0.009460000000000001 -2.3515792767952573e-304
0.009465000000000001 -1.0212775904139756e-304
0.009470000000000001 -4.4331595417496114e-305
0.009475 -1.923394193801241e-305
0.00948 -8.340817554110807e-306
0.009485 -3.6152166140119e-306
0.00949 -1.5661934693625986e-306
0.009495 -6.7817515555691624e-307
0.009500000000000001 -2.9351055616101025e-307
0.009505000000000001 -1.2696702922761542e-307
0.009510000000000001 -5.489636322764738e-308
0.009515000000000001 -2.372365360967033e-308
0.00952 -1.0247194000342523e-308
0.009525 -4.423985827182177e-309
0.00953 -1.909008580501267e-309
0.009535 -8.2335555341498e-310
0.009540000000000002 -3.5493787372794e-310
0.009545000000000001 -1.52933509021685e-310
0.009550000000000001 -6.586252095748e-311
0.009555000000000001 -2.835041579239e-311
0.00956 -1.2197361703185e-311
0.009565 -5.24514815706e-312
0.00957 -2.25442091379e-312
0.009575 -9.68495566847e-313
0.00958 -4.15858574293e-313
0.009585000000000002 -1.78475691455e-313
0.009590000000000001 -7.655928815e-314
0.009595000000000001 -3.282479477e-314
0.009600000000000001 -1.406668042e-314
0.009605 -6.02512937e-315
0.00961 -2.579451125e-315
0.009615 -1.103752154e-315
0.00962 -4.72070703e-316
0.009625000000000002 -2.01803163e-316
0.009630000000000001 -8.622245e-317
0.009635000000000001 -3.6820934e-317
0.009640000000000001 -1.571451e-317
0.009645 -6.708255e-318
0.00965 -2.8585e-318
0.009655 -1.21919e-318
0.00966 -5.18937e-319
0.009665 -2.19523e-319
0.009670000000000002 -9.5236e-320
0.009675000000000001 -3.667e-320
0.009680000000000001 -1.4684e-320
0.009685000000000001 -7.35e-321
0.00969 -0.0
0.009695 -0.0
0.0097 -0.0
0.009705 -0.0
0.009710000000000002 -0.0
0.009715000000000001 -0.0
0.009720000000000001 -0.0
0.009725000000000001 -0.0
0.00973 -0.0
0.009735 -0.0
0.00974 -0.0
0.009745 -0.0
0.00975 -0.0
0.009755000000000002 -0.0
0.009760000000000001 -0.0
0.009765000000000001 -0.0
0.009770000000000001 -0.0
0.009775 -0.0
0.00978 -0.0
0.009785 -0.0
0.00979 -0.0
0.009795000000000002 -0.0
0.009800000000000001 -0.0
0.009805000000000001 -0.0
0.009810000000000001 -0.0
0.009815 -0.0
0.00982 -0.0
0.009825 -0.0
0.00983 -0.0
0.009835 -0.0
0.009840000000000002 -0.0
0.009845000000000001 -0.0
0.009850000000000001 -0.0
0.009855000000000001 -0.0
0.00986 -0.0
0.009865 -0.0
0.00987 -0.0
0.009875 -0.0
0.009880000000000002 -0.0
0.009885000000000001 -0.0
0.009890000000000001 -0.0
0.009895000000000001 -0.0
0.0099 -0.0
0.009905 -0.0
0.00991 -0.0
0.009915 -0.0
0.00992 -0.0
0.009925000000000002 -0.0
0.009930000000000001 -0.0
0.009935000000000001 -0.0
0.009940000000000001 -0.0
0.009945 -0.0
0.00995 -0.0
0.009955 -0.0
0.00996 -0.0
0.009965000000000002 -0.0
0.009970000000000001 -0.0
0.009975000000000001 -0.0
0.009980000000000001 -0.0
0.009985 -0.0
0.00999 -0.0
0.009995 -0.0
