cylinder_top
3D
1275
0 24 23 1 0 0 23 1.000000e+00 
1 24 23 1 1 0 23 1.000000e+00 
2 24 23 1 2 0 23 1.000000e+00 
3 24 23 1 3 0 23 1.000000e+00 
4 24 23 1 4 0 23 1.000000e+00 
5 24 23 1 5 0 23 1.000000e+00 
6 24 23 1 6 0 23 1.000000e+00 
7 24 23 1 7 0 23 1.000000e+00 
8 24 23 1 8 0 23 1.000000e+00 
9 24 23 1 9 0 23 1.000000e+00 
10 24 23 1 10 0 23 1.000000e+00 
11 24 23 1 11 0 23 1.000000e+00 
12 24 23 1 12 0 23 1.000000e+00 
13 24 23 1 13 0 23 1.000000e+00 
14 24 23 1 14 0 23 1.000000e+00 
15 24 23 1 15 0 23 1.000000e+00 
16 24 23 1 16 0 23 1.000000e+00 
17 24 23 1 17 0 23 1.000000e+00 
18 24 23 1 18 0 23 1.000000e+00 
19 24 23 1 19 0 23 1.000000e+00 
20 24 23 1 20 0 23 1.000000e+00 
21 24 23 1 21 0 23 1.000000e+00 
22 24 23 1 22 0 23 1.000000e+00 
23 24 23 1 23 0 23 1.000000e+00 
24 24 23 1 24 0 23 1.000000e+00 
0 24 24 1 0 0 24 1.000000e+00 
1 24 24 1 1 0 24 1.000000e+00 
2 24 24 1 2 0 24 1.000000e+00 
3 24 24 1 3 0 24 1.000000e+00 
4 24 24 1 4 0 24 1.000000e+00 
5 24 24 1 5 0 24 1.000000e+00 
6 24 24 1 6 0 24 1.000000e+00 
7 24 24 1 7 0 24 1.000000e+00 
8 24 24 1 8 0 24 1.000000e+00 
9 24 24 1 9 0 24 1.000000e+00 
10 24 24 1 10 0 24 1.000000e+00 
11 24 24 1 11 0 24 1.000000e+00 
12 24 24 1 12 0 24 1.000000e+00 
13 24 24 1 13 0 24 1.000000e+00 
14 24 24 1 14 0 24 1.000000e+00 
15 24 24 1 15 0 24 1.000000e+00 
16 24 24 1 16 0 24 1.000000e+00 
17 24 24 1 17 0 24 1.000000e+00 
18 24 24 1 18 0 24 1.000000e+00 
19 24 24 1 19 0 24 1.000000e+00 
20 24 24 1 20 0 24 1.000000e+00 
21 24 24 1 21 0 24 1.000000e+00 
22 24 24 1 22 0 24 1.000000e+00 
23 24 24 1 23 0 24 1.000000e+00 
24 24 24 1 24 0 24 1.000000e+00 
0 24 25 1 0 0 25 1.000000e+00 
1 24 25 1 1 0 25 1.000000e+00 
2 24 25 1 2 0 25 1.000000e+00 
3 24 25 1 3 0 25 1.000000e+00 
4 24 25 1 4 0 25 1.000000e+00 
5 24 25 1 5 0 25 1.000000e+00 
6 24 25 1 6 0 25 1.000000e+00 
7 24 25 1 7 0 25 1.000000e+00 
8 24 25 1 8 0 25 1.000000e+00 
9 24 25 1 9 0 25 1.000000e+00 
10 24 25 1 10 0 25 1.000000e+00 
11 24 25 1 11 0 25 1.000000e+00 
12 24 25 1 12 0 25 1.000000e+00 
13 24 25 1 13 0 25 1.000000e+00 
14 24 25 1 14 0 25 1.000000e+00 
15 24 25 1 15 0 25 1.000000e+00 
16 24 25 1 16 0 25 1.000000e+00 
17 24 25 1 17 0 25 1.000000e+00 
18 24 25 1 18 0 25 1.000000e+00 
19 24 25 1 19 0 25 1.000000e+00 
20 24 25 1 20 0 25 1.000000e+00 
21 24 25 1 21 0 25 1.000000e+00 
22 24 25 1 22 0 25 1.000000e+00 
23 24 25 1 23 0 25 1.000000e+00 
24 24 25 1 24 0 25 1.000000e+00 
0 24 26 1 0 0 26 1.000000e+00 
1 24 26 1 1 0 26 1.000000e+00 
2 24 26 1 2 0 26 1.000000e+00 
3 24 26 1 3 0 26 1.000000e+00 
4 24 26 1 4 0 26 1.000000e+00 
5 24 26 1 5 0 26 1.000000e+00 
6 24 26 1 6 0 26 1.000000e+00 
7 24 26 1 7 0 26 1.000000e+00 
8 24 26 1 8 0 26 1.000000e+00 
9 24 26 1 9 0 26 1.000000e+00 
10 24 26 1 10 0 26 1.000000e+00 
11 24 26 1 11 0 26 1.000000e+00 
12 24 26 1 12 0 26 1.000000e+00 
13 24 26 1 13 0 26 1.000000e+00 
14 24 26 1 14 0 26 1.000000e+00 
15 24 26 1 15 0 26 1.000000e+00 
16 24 26 1 16 0 26 1.000000e+00 
17 24 26 1 17 0 26 1.000000e+00 
18 24 26 1 18 0 26 1.000000e+00 
19 24 26 1 19 0 26 1.000000e+00 
20 24 26 1 20 0 26 1.000000e+00 
21 24 26 1 21 0 26 1.000000e+00 
22 24 26 1 22 0 26 1.000000e+00 
23 24 26 1 23 0 26 1.000000e+00 
24 24 26 1 24 0 26 1.000000e+00 
0 24 27 1 0 0 27 1.000000e+00 
1 24 27 1 1 0 27 1.000000e+00 
2 24 27 1 2 0 27 1.000000e+00 
3 24 27 1 3 0 27 1.000000e+00 
4 24 27 1 4 0 27 1.000000e+00 
5 24 27 1 5 0 27 1.000000e+00 
6 24 27 1 6 0 27 1.000000e+00 
7 24 27 1 7 0 27 1.000000e+00 
8 24 27 1 8 0 27 1.000000e+00 
9 24 27 1 9 0 27 1.000000e+00 
10 24 27 1 10 0 27 1.000000e+00 
11 24 27 1 11 0 27 1.000000e+00 
12 24 27 1 12 0 27 1.000000e+00 
13 24 27 1 13 0 27 1.000000e+00 
14 24 27 1 14 0 27 1.000000e+00 
15 24 27 1 15 0 27 1.000000e+00 
16 24 27 1 16 0 27 1.000000e+00 
17 24 27 1 17 0 27 1.000000e+00 
18 24 27 1 18 0 27 1.000000e+00 
19 24 27 1 19 0 27 1.000000e+00 
20 24 27 1 20 0 27 1.000000e+00 
21 24 27 1 21 0 27 1.000000e+00 
22 24 27 1 22 0 27 1.000000e+00 
23 24 27 1 23 0 27 1.000000e+00 
24 24 27 1 24 0 27 1.000000e+00 
0 24 45 1 0 0 45 1.000000e+00 
1 24 45 1 1 0 45 1.000000e+00 
2 24 45 1 2 0 45 1.000000e+00 
3 24 45 1 3 0 45 1.000000e+00 
4 24 45 1 4 0 45 1.000000e+00 
5 24 45 1 5 0 45 1.000000e+00 
6 24 45 1 6 0 45 1.000000e+00 
7 24 45 1 7 0 45 1.000000e+00 
8 24 45 1 8 0 45 1.000000e+00 
9 24 45 1 9 0 45 1.000000e+00 
10 24 45 1 10 0 45 1.000000e+00 
11 24 45 1 11 0 45 1.000000e+00 
12 24 45 1 12 0 45 1.000000e+00 
13 24 45 1 13 0 45 1.000000e+00 
14 24 45 1 14 0 45 1.000000e+00 
15 24 45 1 15 0 45 1.000000e+00 
16 24 45 1 16 0 45 1.000000e+00 
17 24 45 1 17 0 45 1.000000e+00 
18 24 45 1 18 0 45 1.000000e+00 
19 24 45 1 19 0 45 1.000000e+00 
20 24 45 1 20 0 45 1.000000e+00 
21 24 45 1 21 0 45 1.000000e+00 
22 24 45 1 22 0 45 1.000000e+00 
23 24 45 1 23 0 45 1.000000e+00 
24 24 45 1 24 0 45 1.000000e+00 
0 24 46 1 0 0 46 1.000000e+00 
1 24 46 1 1 0 46 1.000000e+00 
2 24 46 1 2 0 46 1.000000e+00 
3 24 46 1 3 0 46 1.000000e+00 
4 24 46 1 4 0 46 1.000000e+00 
5 24 46 1 5 0 46 1.000000e+00 
6 24 46 1 6 0 46 1.000000e+00 
7 24 46 1 7 0 46 1.000000e+00 
8 24 46 1 8 0 46 1.000000e+00 
9 24 46 1 9 0 46 1.000000e+00 
10 24 46 1 10 0 46 1.000000e+00 
11 24 46 1 11 0 46 1.000000e+00 
12 24 46 1 12 0 46 1.000000e+00 
13 24 46 1 13 0 46 1.000000e+00 
14 24 46 1 14 0 46 1.000000e+00 
15 24 46 1 15 0 46 1.000000e+00 
16 24 46 1 16 0 46 1.000000e+00 
17 24 46 1 17 0 46 1.000000e+00 
18 24 46 1 18 0 46 1.000000e+00 
19 24 46 1 19 0 46 1.000000e+00 
20 24 46 1 20 0 46 1.000000e+00 
21 24 46 1 21 0 46 1.000000e+00 
22 24 46 1 22 0 46 1.000000e+00 
23 24 46 1 23 0 46 1.000000e+00 
24 24 46 1 24 0 46 1.000000e+00 
0 24 47 1 0 0 47 1.000000e+00 
1 24 47 1 1 0 47 1.000000e+00 
2 24 47 1 2 0 47 1.000000e+00 
3 24 47 1 3 0 47 1.000000e+00 
4 24 47 1 4 0 47 1.000000e+00 
5 24 47 1 5 0 47 1.000000e+00 
6 24 47 1 6 0 47 1.000000e+00 
7 24 47 1 7 0 47 1.000000e+00 
8 24 47 1 8 0 47 1.000000e+00 
9 24 47 1 9 0 47 1.000000e+00 
10 24 47 1 10 0 47 1.000000e+00 
11 24 47 1 11 0 47 1.000000e+00 
12 24 47 1 12 0 47 1.000000e+00 
13 24 47 1 13 0 47 1.000000e+00 
14 24 47 1 14 0 47 1.000000e+00 
15 24 47 1 15 0 47 1.000000e+00 
16 24 47 1 16 0 47 1.000000e+00 
17 24 47 1 17 0 47 1.000000e+00 
18 24 47 1 18 0 47 1.000000e+00 
19 24 47 1 19 0 47 1.000000e+00 
20 24 47 1 20 0 47 1.000000e+00 
21 24 47 1 21 0 47 1.000000e+00 
22 24 47 1 22 0 47 1.000000e+00 
23 24 47 1 23 0 47 1.000000e+00 
24 24 47 1 24 0 47 1.000000e+00 
0 24 48 1 0 0 48 1.000000e+00 
1 24 48 1 1 0 48 1.000000e+00 
2 24 48 1 2 0 48 1.000000e+00 
3 24 48 1 3 0 48 1.000000e+00 
4 24 48 1 4 0 48 1.000000e+00 
5 24 48 1 5 0 48 1.000000e+00 
6 24 48 1 6 0 48 1.000000e+00 
7 24 48 1 7 0 48 1.000000e+00 
8 24 48 1 8 0 48 1.000000e+00 
9 24 48 1 9 0 48 1.000000e+00 
10 24 48 1 10 0 48 1.000000e+00 
11 24 48 1 11 0 48 1.000000e+00 
12 24 48 1 12 0 48 1.000000e+00 
13 24 48 1 13 0 48 1.000000e+00 
14 24 48 1 14 0 48 1.000000e+00 
15 24 48 1 15 0 48 1.000000e+00 
16 24 48 1 16 0 48 1.000000e+00 
17 24 48 1 17 0 48 1.000000e+00 
18 24 48 1 18 0 48 1.000000e+00 
19 24 48 1 19 0 48 1.000000e+00 
20 24 48 1 20 0 48 1.000000e+00 
21 24 48 1 21 0 48 1.000000e+00 
22 24 48 1 22 0 48 1.000000e+00 
23 24 48 1 23 0 48 1.000000e+00 
24 24 48 1 24 0 48 1.000000e+00 
0 24 0 1 0 0 0 1.000000e+00 
1 24 0 1 1 0 0 1.000000e+00 
2 24 0 1 2 0 0 1.000000e+00 
3 24 0 1 3 0 0 1.000000e+00 
4 24 0 1 4 0 0 1.000000e+00 
5 24 0 1 5 0 0 1.000000e+00 
6 24 0 1 6 0 0 1.000000e+00 
7 24 0 1 7 0 0 1.000000e+00 
8 24 0 1 8 0 0 1.000000e+00 
9 24 0 1 9 0 0 1.000000e+00 
10 24 0 1 10 0 0 1.000000e+00 
11 24 0 1 11 0 0 1.000000e+00 
12 24 0 1 12 0 0 1.000000e+00 
13 24 0 1 13 0 0 1.000000e+00 
14 24 0 1 14 0 0 1.000000e+00 
15 24 0 1 15 0 0 1.000000e+00 
16 24 0 1 16 0 0 1.000000e+00 
17 24 0 1 17 0 0 1.000000e+00 
18 24 0 1 18 0 0 1.000000e+00 
19 24 0 1 19 0 0 1.000000e+00 
20 24 0 1 20 0 0 1.000000e+00 
21 24 0 1 21 0 0 1.000000e+00 
22 24 0 1 22 0 0 1.000000e+00 
23 24 0 1 23 0 0 1.000000e+00 
24 24 0 1 24 0 0 1.000000e+00 
0 24 1 1 0 0 1 1.000000e+00 
1 24 1 1 1 0 1 1.000000e+00 
2 24 1 1 2 0 1 1.000000e+00 
3 24 1 1 3 0 1 1.000000e+00 
4 24 1 1 4 0 1 1.000000e+00 
5 24 1 1 5 0 1 1.000000e+00 
6 24 1 1 6 0 1 1.000000e+00 
7 24 1 1 7 0 1 1.000000e+00 
8 24 1 1 8 0 1 1.000000e+00 
9 24 1 1 9 0 1 1.000000e+00 
10 24 1 1 10 0 1 1.000000e+00 
11 24 1 1 11 0 1 1.000000e+00 
12 24 1 1 12 0 1 1.000000e+00 
13 24 1 1 13 0 1 1.000000e+00 
14 24 1 1 14 0 1 1.000000e+00 
15 24 1 1 15 0 1 1.000000e+00 
16 24 1 1 16 0 1 1.000000e+00 
17 24 1 1 17 0 1 1.000000e+00 
18 24 1 1 18 0 1 1.000000e+00 
19 24 1 1 19 0 1 1.000000e+00 
20 24 1 1 20 0 1 1.000000e+00 
21 24 1 1 21 0 1 1.000000e+00 
22 24 1 1 22 0 1 1.000000e+00 
23 24 1 1 23 0 1 1.000000e+00 
24 24 1 1 24 0 1 1.000000e+00 
0 24 2 1 0 0 2 1.000000e+00 
1 24 2 1 1 0 2 1.000000e+00 
2 24 2 1 2 0 2 1.000000e+00 
3 24 2 1 3 0 2 1.000000e+00 
4 24 2 1 4 0 2 1.000000e+00 
5 24 2 1 5 0 2 1.000000e+00 
6 24 2 1 6 0 2 1.000000e+00 
7 24 2 1 7 0 2 1.000000e+00 
8 24 2 1 8 0 2 1.000000e+00 
9 24 2 1 9 0 2 1.000000e+00 
10 24 2 1 10 0 2 1.000000e+00 
11 24 2 1 11 0 2 1.000000e+00 
12 24 2 1 12 0 2 1.000000e+00 
13 24 2 1 13 0 2 1.000000e+00 
14 24 2 1 14 0 2 1.000000e+00 
15 24 2 1 15 0 2 1.000000e+00 
16 24 2 1 16 0 2 1.000000e+00 
17 24 2 1 17 0 2 1.000000e+00 
18 24 2 1 18 0 2 1.000000e+00 
19 24 2 1 19 0 2 1.000000e+00 
20 24 2 1 20 0 2 1.000000e+00 
21 24 2 1 21 0 2 1.000000e+00 
22 24 2 1 22 0 2 1.000000e+00 
23 24 2 1 23 0 2 1.000000e+00 
24 24 2 1 24 0 2 1.000000e+00 
0 24 28 1 0 0 28 1.000000e+00 
1 24 28 1 1 0 28 1.000000e+00 
2 24 28 1 2 0 28 1.000000e+00 
3 24 28 1 3 0 28 1.000000e+00 
4 24 28 1 4 0 28 1.000000e+00 
5 24 28 1 5 0 28 1.000000e+00 
6 24 28 1 6 0 28 1.000000e+00 
7 24 28 1 7 0 28 1.000000e+00 
8 24 28 1 8 0 28 1.000000e+00 
9 24 28 1 9 0 28 1.000000e+00 
10 24 28 1 10 0 28 1.000000e+00 
11 24 28 1 11 0 28 1.000000e+00 
12 24 28 1 12 0 28 1.000000e+00 
13 24 28 1 13 0 28 1.000000e+00 
14 24 28 1 14 0 28 1.000000e+00 
15 24 28 1 15 0 28 1.000000e+00 
16 24 28 1 16 0 28 1.000000e+00 
17 24 28 1 17 0 28 1.000000e+00 
18 24 28 1 18 0 28 1.000000e+00 
19 24 28 1 19 0 28 1.000000e+00 
20 24 28 1 20 0 28 1.000000e+00 
21 24 28 1 21 0 28 1.000000e+00 
22 24 28 1 22 0 28 1.000000e+00 
23 24 28 1 23 0 28 1.000000e+00 
24 24 28 1 24 0 28 1.000000e+00 
0 24 29 1 0 0 29 1.000000e+00 
1 24 29 1 1 0 29 1.000000e+00 
2 24 29 1 2 0 29 1.000000e+00 
3 24 29 1 3 0 29 1.000000e+00 
4 24 29 1 4 0 29 1.000000e+00 
5 24 29 1 5 0 29 1.000000e+00 
6 24 29 1 6 0 29 1.000000e+00 
7 24 29 1 7 0 29 1.000000e+00 
8 24 29 1 8 0 29 1.000000e+00 
9 24 29 1 9 0 29 1.000000e+00 
10 24 29 1 10 0 29 1.000000e+00 
11 24 29 1 11 0 29 1.000000e+00 
12 24 29 1 12 0 29 1.000000e+00 
13 24 29 1 13 0 29 1.000000e+00 
14 24 29 1 14 0 29 1.000000e+00 
15 24 29 1 15 0 29 1.000000e+00 
16 24 29 1 16 0 29 1.000000e+00 
17 24 29 1 17 0 29 1.000000e+00 
18 24 29 1 18 0 29 1.000000e+00 
19 24 29 1 19 0 29 1.000000e+00 
20 24 29 1 20 0 29 1.000000e+00 
21 24 29 1 21 0 29 1.000000e+00 
22 24 29 1 22 0 29 1.000000e+00 
23 24 29 1 23 0 29 1.000000e+00 
24 24 29 1 24 0 29 1.000000e+00 
0 24 30 1 0 0 30 1.000000e+00 
1 24 30 1 1 0 30 1.000000e+00 
2 24 30 1 2 0 30 1.000000e+00 
3 24 30 1 3 0 30 1.000000e+00 
4 24 30 1 4 0 30 1.000000e+00 
5 24 30 1 5 0 30 1.000000e+00 
6 24 30 1 6 0 30 1.000000e+00 
7 24 30 1 7 0 30 1.000000e+00 
8 24 30 1 8 0 30 1.000000e+00 
9 24 30 1 9 0 30 1.000000e+00 
10 24 30 1 10 0 30 1.000000e+00 
11 24 30 1 11 0 30 1.000000e+00 
12 24 30 1 12 0 30 1.000000e+00 
13 24 30 1 13 0 30 1.000000e+00 
14 24 30 1 14 0 30 1.000000e+00 
15 24 30 1 15 0 30 1.000000e+00 
16 24 30 1 16 0 30 1.000000e+00 
17 24 30 1 17 0 30 1.000000e+00 
18 24 30 1 18 0 30 1.000000e+00 
19 24 30 1 19 0 30 1.000000e+00 
20 24 30 1 20 0 30 1.000000e+00 
21 24 30 1 21 0 30 1.000000e+00 
22 24 30 1 22 0 30 1.000000e+00 
23 24 30 1 23 0 30 1.000000e+00 
24 24 30 1 24 0 30 1.000000e+00 
0 24 31 1 0 0 31 1.000000e+00 
1 24 31 1 1 0 31 1.000000e+00 
2 24 31 1 2 0 31 1.000000e+00 
3 24 31 1 3 0 31 1.000000e+00 
4 24 31 1 4 0 31 1.000000e+00 
5 24 31 1 5 0 31 1.000000e+00 
6 24 31 1 6 0 31 1.000000e+00 
7 24 31 1 7 0 31 1.000000e+00 
8 24 31 1 8 0 31 1.000000e+00 
9 24 31 1 9 0 31 1.000000e+00 
10 24 31 1 10 0 31 1.000000e+00 
11 24 31 1 11 0 31 1.000000e+00 
12 24 31 1 12 0 31 1.000000e+00 
13 24 31 1 13 0 31 1.000000e+00 
14 24 31 1 14 0 31 1.000000e+00 
15 24 31 1 15 0 31 1.000000e+00 
16 24 31 1 16 0 31 1.000000e+00 
17 24 31 1 17 0 31 1.000000e+00 
18 24 31 1 18 0 31 1.000000e+00 
19 24 31 1 19 0 31 1.000000e+00 
20 24 31 1 20 0 31 1.000000e+00 
21 24 31 1 21 0 31 1.000000e+00 
22 24 31 1 22 0 31 1.000000e+00 
23 24 31 1 23 0 31 1.000000e+00 
24 24 31 1 24 0 31 1.000000e+00 
0 24 32 1 0 0 32 1.000000e+00 
1 24 32 1 1 0 32 1.000000e+00 
2 24 32 1 2 0 32 1.000000e+00 
3 24 32 1 3 0 32 1.000000e+00 
4 24 32 1 4 0 32 1.000000e+00 
5 24 32 1 5 0 32 1.000000e+00 
6 24 32 1 6 0 32 1.000000e+00 
7 24 32 1 7 0 32 1.000000e+00 
8 24 32 1 8 0 32 1.000000e+00 
9 24 32 1 9 0 32 1.000000e+00 
10 24 32 1 10 0 32 1.000000e+00 
11 24 32 1 11 0 32 1.000000e+00 
12 24 32 1 12 0 32 1.000000e+00 
13 24 32 1 13 0 32 1.000000e+00 
14 24 32 1 14 0 32 1.000000e+00 
15 24 32 1 15 0 32 1.000000e+00 
16 24 32 1 16 0 32 1.000000e+00 
17 24 32 1 17 0 32 1.000000e+00 
18 24 32 1 18 0 32 1.000000e+00 
19 24 32 1 19 0 32 1.000000e+00 
20 24 32 1 20 0 32 1.000000e+00 
21 24 32 1 21 0 32 1.000000e+00 
22 24 32 1 22 0 32 1.000000e+00 
23 24 32 1 23 0 32 1.000000e+00 
24 24 32 1 24 0 32 1.000000e+00 
0 24 13 1 0 0 13 1.000000e+00 
1 24 13 1 1 0 13 1.000000e+00 
2 24 13 1 2 0 13 1.000000e+00 
3 24 13 1 3 0 13 1.000000e+00 
4 24 13 1 4 0 13 1.000000e+00 
5 24 13 1 5 0 13 1.000000e+00 
6 24 13 1 6 0 13 1.000000e+00 
7 24 13 1 7 0 13 1.000000e+00 
8 24 13 1 8 0 13 1.000000e+00 
9 24 13 1 9 0 13 1.000000e+00 
10 24 13 1 10 0 13 1.000000e+00 
11 24 13 1 11 0 13 1.000000e+00 
12 24 13 1 12 0 13 1.000000e+00 
13 24 13 1 13 0 13 1.000000e+00 
14 24 13 1 14 0 13 1.000000e+00 
15 24 13 1 15 0 13 1.000000e+00 
16 24 13 1 16 0 13 1.000000e+00 
17 24 13 1 17 0 13 1.000000e+00 
18 24 13 1 18 0 13 1.000000e+00 
19 24 13 1 19 0 13 1.000000e+00 
20 24 13 1 20 0 13 1.000000e+00 
21 24 13 1 21 0 13 1.000000e+00 
22 24 13 1 22 0 13 1.000000e+00 
23 24 13 1 23 0 13 1.000000e+00 
24 24 13 1 24 0 13 1.000000e+00 
0 24 14 1 0 0 14 1.000000e+00 
1 24 14 1 1 0 14 1.000000e+00 
2 24 14 1 2 0 14 1.000000e+00 
3 24 14 1 3 0 14 1.000000e+00 
4 24 14 1 4 0 14 1.000000e+00 
5 24 14 1 5 0 14 1.000000e+00 
6 24 14 1 6 0 14 1.000000e+00 
7 24 14 1 7 0 14 1.000000e+00 
8 24 14 1 8 0 14 1.000000e+00 
9 24 14 1 9 0 14 1.000000e+00 
10 24 14 1 10 0 14 1.000000e+00 
11 24 14 1 11 0 14 1.000000e+00 
12 24 14 1 12 0 14 1.000000e+00 
13 24 14 1 13 0 14 1.000000e+00 
14 24 14 1 14 0 14 1.000000e+00 
15 24 14 1 15 0 14 1.000000e+00 
16 24 14 1 16 0 14 1.000000e+00 
17 24 14 1 17 0 14 1.000000e+00 
18 24 14 1 18 0 14 1.000000e+00 
19 24 14 1 19 0 14 1.000000e+00 
20 24 14 1 20 0 14 1.000000e+00 
21 24 14 1 21 0 14 1.000000e+00 
22 24 14 1 22 0 14 1.000000e+00 
23 24 14 1 23 0 14 1.000000e+00 
24 24 14 1 24 0 14 1.000000e+00 
0 24 15 1 0 0 15 1.000000e+00 
1 24 15 1 1 0 15 1.000000e+00 
2 24 15 1 2 0 15 1.000000e+00 
3 24 15 1 3 0 15 1.000000e+00 
4 24 15 1 4 0 15 1.000000e+00 
5 24 15 1 5 0 15 1.000000e+00 
6 24 15 1 6 0 15 1.000000e+00 
7 24 15 1 7 0 15 1.000000e+00 
8 24 15 1 8 0 15 1.000000e+00 
9 24 15 1 9 0 15 1.000000e+00 
10 24 15 1 10 0 15 1.000000e+00 
11 24 15 1 11 0 15 1.000000e+00 
12 24 15 1 12 0 15 1.000000e+00 
13 24 15 1 13 0 15 1.000000e+00 
14 24 15 1 14 0 15 1.000000e+00 
15 24 15 1 15 0 15 1.000000e+00 
16 24 15 1 16 0 15 1.000000e+00 
17 24 15 1 17 0 15 1.000000e+00 
18 24 15 1 18 0 15 1.000000e+00 
19 24 15 1 19 0 15 1.000000e+00 
20 24 15 1 20 0 15 1.000000e+00 
21 24 15 1 21 0 15 1.000000e+00 
22 24 15 1 22 0 15 1.000000e+00 
23 24 15 1 23 0 15 1.000000e+00 
24 24 15 1 24 0 15 1.000000e+00 
0 24 16 1 0 0 16 1.000000e+00 
1 24 16 1 1 0 16 1.000000e+00 
2 24 16 1 2 0 16 1.000000e+00 
3 24 16 1 3 0 16 1.000000e+00 
4 24 16 1 4 0 16 1.000000e+00 
5 24 16 1 5 0 16 1.000000e+00 
6 24 16 1 6 0 16 1.000000e+00 
7 24 16 1 7 0 16 1.000000e+00 
8 24 16 1 8 0 16 1.000000e+00 
9 24 16 1 9 0 16 1.000000e+00 
10 24 16 1 10 0 16 1.000000e+00 
11 24 16 1 11 0 16 1.000000e+00 
12 24 16 1 12 0 16 1.000000e+00 
13 24 16 1 13 0 16 1.000000e+00 
14 24 16 1 14 0 16 1.000000e+00 
15 24 16 1 15 0 16 1.000000e+00 
16 24 16 1 16 0 16 1.000000e+00 
17 24 16 1 17 0 16 1.000000e+00 
18 24 16 1 18 0 16 1.000000e+00 
19 24 16 1 19 0 16 1.000000e+00 
20 24 16 1 20 0 16 1.000000e+00 
21 24 16 1 21 0 16 1.000000e+00 
22 24 16 1 22 0 16 1.000000e+00 
23 24 16 1 23 0 16 1.000000e+00 
24 24 16 1 24 0 16 1.000000e+00 
0 24 17 1 0 0 17 1.000000e+00 
1 24 17 1 1 0 17 1.000000e+00 
2 24 17 1 2 0 17 1.000000e+00 
3 24 17 1 3 0 17 1.000000e+00 
4 24 17 1 4 0 17 1.000000e+00 
5 24 17 1 5 0 17 1.000000e+00 
6 24 17 1 6 0 17 1.000000e+00 
7 24 17 1 7 0 17 1.000000e+00 
8 24 17 1 8 0 17 1.000000e+00 
9 24 17 1 9 0 17 1.000000e+00 
10 24 17 1 10 0 17 1.000000e+00 
11 24 17 1 11 0 17 1.000000e+00 
12 24 17 1 12 0 17 1.000000e+00 
13 24 17 1 13 0 17 1.000000e+00 
14 24 17 1 14 0 17 1.000000e+00 
15 24 17 1 15 0 17 1.000000e+00 
16 24 17 1 16 0 17 1.000000e+00 
17 24 17 1 17 0 17 1.000000e+00 
18 24 17 1 18 0 17 1.000000e+00 
19 24 17 1 19 0 17 1.000000e+00 
20 24 17 1 20 0 17 1.000000e+00 
21 24 17 1 21 0 17 1.000000e+00 
22 24 17 1 22 0 17 1.000000e+00 
23 24 17 1 23 0 17 1.000000e+00 
24 24 17 1 24 0 17 1.000000e+00 
0 24 3 1 0 0 3 1.000000e+00 
1 24 3 1 1 0 3 1.000000e+00 
2 24 3 1 2 0 3 1.000000e+00 
3 24 3 1 3 0 3 1.000000e+00 
4 24 3 1 4 0 3 1.000000e+00 
5 24 3 1 5 0 3 1.000000e+00 
6 24 3 1 6 0 3 1.000000e+00 
7 24 3 1 7 0 3 1.000000e+00 
8 24 3 1 8 0 3 1.000000e+00 
9 24 3 1 9 0 3 1.000000e+00 
10 24 3 1 10 0 3 1.000000e+00 
11 24 3 1 11 0 3 1.000000e+00 
12 24 3 1 12 0 3 1.000000e+00 
13 24 3 1 13 0 3 1.000000e+00 
14 24 3 1 14 0 3 1.000000e+00 
15 24 3 1 15 0 3 1.000000e+00 
16 24 3 1 16 0 3 1.000000e+00 
17 24 3 1 17 0 3 1.000000e+00 
18 24 3 1 18 0 3 1.000000e+00 
19 24 3 1 19 0 3 1.000000e+00 
20 24 3 1 20 0 3 1.000000e+00 
21 24 3 1 21 0 3 1.000000e+00 
22 24 3 1 22 0 3 1.000000e+00 
23 24 3 1 23 0 3 1.000000e+00 
24 24 3 1 24 0 3 1.000000e+00 
0 24 4 1 0 0 4 1.000000e+00 
1 24 4 1 1 0 4 1.000000e+00 
2 24 4 1 2 0 4 1.000000e+00 
3 24 4 1 3 0 4 1.000000e+00 
4 24 4 1 4 0 4 1.000000e+00 
5 24 4 1 5 0 4 1.000000e+00 
6 24 4 1 6 0 4 1.000000e+00 
7 24 4 1 7 0 4 1.000000e+00 
8 24 4 1 8 0 4 1.000000e+00 
9 24 4 1 9 0 4 1.000000e+00 
10 24 4 1 10 0 4 1.000000e+00 
11 24 4 1 11 0 4 1.000000e+00 
12 24 4 1 12 0 4 1.000000e+00 
13 24 4 1 13 0 4 1.000000e+00 
14 24 4 1 14 0 4 1.000000e+00 
15 24 4 1 15 0 4 1.000000e+00 
16 24 4 1 16 0 4 1.000000e+00 
17 24 4 1 17 0 4 1.000000e+00 
18 24 4 1 18 0 4 1.000000e+00 
19 24 4 1 19 0 4 1.000000e+00 
20 24 4 1 20 0 4 1.000000e+00 
21 24 4 1 21 0 4 1.000000e+00 
22 24 4 1 22 0 4 1.000000e+00 
23 24 4 1 23 0 4 1.000000e+00 
24 24 4 1 24 0 4 1.000000e+00 
0 24 5 1 0 0 5 1.000000e+00 
1 24 5 1 1 0 5 1.000000e+00 
2 24 5 1 2 0 5 1.000000e+00 
3 24 5 1 3 0 5 1.000000e+00 
4 24 5 1 4 0 5 1.000000e+00 
5 24 5 1 5 0 5 1.000000e+00 
6 24 5 1 6 0 5 1.000000e+00 
7 24 5 1 7 0 5 1.000000e+00 
8 24 5 1 8 0 5 1.000000e+00 
9 24 5 1 9 0 5 1.000000e+00 
10 24 5 1 10 0 5 1.000000e+00 
11 24 5 1 11 0 5 1.000000e+00 
12 24 5 1 12 0 5 1.000000e+00 
13 24 5 1 13 0 5 1.000000e+00 
14 24 5 1 14 0 5 1.000000e+00 
15 24 5 1 15 0 5 1.000000e+00 
16 24 5 1 16 0 5 1.000000e+00 
17 24 5 1 17 0 5 1.000000e+00 
18 24 5 1 18 0 5 1.000000e+00 
19 24 5 1 19 0 5 1.000000e+00 
20 24 5 1 20 0 5 1.000000e+00 
21 24 5 1 21 0 5 1.000000e+00 
22 24 5 1 22 0 5 1.000000e+00 
23 24 5 1 23 0 5 1.000000e+00 
24 24 5 1 24 0 5 1.000000e+00 
0 24 6 1 0 0 6 1.000000e+00 
1 24 6 1 1 0 6 1.000000e+00 
2 24 6 1 2 0 6 1.000000e+00 
3 24 6 1 3 0 6 1.000000e+00 
4 24 6 1 4 0 6 1.000000e+00 
5 24 6 1 5 0 6 1.000000e+00 
6 24 6 1 6 0 6 1.000000e+00 
7 24 6 1 7 0 6 1.000000e+00 
8 24 6 1 8 0 6 1.000000e+00 
9 24 6 1 9 0 6 1.000000e+00 
10 24 6 1 10 0 6 1.000000e+00 
11 24 6 1 11 0 6 1.000000e+00 
12 24 6 1 12 0 6 1.000000e+00 
13 24 6 1 13 0 6 1.000000e+00 
14 24 6 1 14 0 6 1.000000e+00 
15 24 6 1 15 0 6 1.000000e+00 
16 24 6 1 16 0 6 1.000000e+00 
17 24 6 1 17 0 6 1.000000e+00 
18 24 6 1 18 0 6 1.000000e+00 
19 24 6 1 19 0 6 1.000000e+00 
20 24 6 1 20 0 6 1.000000e+00 
21 24 6 1 21 0 6 1.000000e+00 
22 24 6 1 22 0 6 1.000000e+00 
23 24 6 1 23 0 6 1.000000e+00 
24 24 6 1 24 0 6 1.000000e+00 
0 24 7 1 0 0 7 1.000000e+00 
1 24 7 1 1 0 7 1.000000e+00 
2 24 7 1 2 0 7 1.000000e+00 
3 24 7 1 3 0 7 1.000000e+00 
4 24 7 1 4 0 7 1.000000e+00 
5 24 7 1 5 0 7 1.000000e+00 
6 24 7 1 6 0 7 1.000000e+00 
7 24 7 1 7 0 7 1.000000e+00 
8 24 7 1 8 0 7 1.000000e+00 
9 24 7 1 9 0 7 1.000000e+00 
10 24 7 1 10 0 7 1.000000e+00 
11 24 7 1 11 0 7 1.000000e+00 
12 24 7 1 12 0 7 1.000000e+00 
13 24 7 1 13 0 7 1.000000e+00 
14 24 7 1 14 0 7 1.000000e+00 
15 24 7 1 15 0 7 1.000000e+00 
16 24 7 1 16 0 7 1.000000e+00 
17 24 7 1 17 0 7 1.000000e+00 
18 24 7 1 18 0 7 1.000000e+00 
19 24 7 1 19 0 7 1.000000e+00 
20 24 7 1 20 0 7 1.000000e+00 
21 24 7 1 21 0 7 1.000000e+00 
22 24 7 1 22 0 7 1.000000e+00 
23 24 7 1 23 0 7 1.000000e+00 
24 24 7 1 24 0 7 1.000000e+00 
0 24 18 1 0 0 18 1.000000e+00 
1 24 18 1 1 0 18 1.000000e+00 
2 24 18 1 2 0 18 1.000000e+00 
3 24 18 1 3 0 18 1.000000e+00 
4 24 18 1 4 0 18 1.000000e+00 
5 24 18 1 5 0 18 1.000000e+00 
6 24 18 1 6 0 18 1.000000e+00 
7 24 18 1 7 0 18 1.000000e+00 
8 24 18 1 8 0 18 1.000000e+00 
9 24 18 1 9 0 18 1.000000e+00 
10 24 18 1 10 0 18 1.000000e+00 
11 24 18 1 11 0 18 1.000000e+00 
12 24 18 1 12 0 18 1.000000e+00 
13 24 18 1 13 0 18 1.000000e+00 
14 24 18 1 14 0 18 1.000000e+00 
15 24 18 1 15 0 18 1.000000e+00 
16 24 18 1 16 0 18 1.000000e+00 
17 24 18 1 17 0 18 1.000000e+00 
18 24 18 1 18 0 18 1.000000e+00 
19 24 18 1 19 0 18 1.000000e+00 
20 24 18 1 20 0 18 1.000000e+00 
21 24 18 1 21 0 18 1.000000e+00 
22 24 18 1 22 0 18 1.000000e+00 
23 24 18 1 23 0 18 1.000000e+00 
24 24 18 1 24 0 18 1.000000e+00 
0 24 19 1 0 0 19 1.000000e+00 
1 24 19 1 1 0 19 1.000000e+00 
2 24 19 1 2 0 19 1.000000e+00 
3 24 19 1 3 0 19 1.000000e+00 
4 24 19 1 4 0 19 1.000000e+00 
5 24 19 1 5 0 19 1.000000e+00 
6 24 19 1 6 0 19 1.000000e+00 
7 24 19 1 7 0 19 1.000000e+00 
8 24 19 1 8 0 19 1.000000e+00 
9 24 19 1 9 0 19 1.000000e+00 
10 24 19 1 10 0 19 1.000000e+00 
11 24 19 1 11 0 19 1.000000e+00 
12 24 19 1 12 0 19 1.000000e+00 
13 24 19 1 13 0 19 1.000000e+00 
14 24 19 1 14 0 19 1.000000e+00 
15 24 19 1 15 0 19 1.000000e+00 
16 24 19 1 16 0 19 1.000000e+00 
17 24 19 1 17 0 19 1.000000e+00 
18 24 19 1 18 0 19 1.000000e+00 
19 24 19 1 19 0 19 1.000000e+00 
20 24 19 1 20 0 19 1.000000e+00 
21 24 19 1 21 0 19 1.000000e+00 
22 24 19 1 22 0 19 1.000000e+00 
23 24 19 1 23 0 19 1.000000e+00 
24 24 19 1 24 0 19 1.000000e+00 
0 24 20 1 0 0 20 1.000000e+00 
1 24 20 1 1 0 20 1.000000e+00 
2 24 20 1 2 0 20 1.000000e+00 
3 24 20 1 3 0 20 1.000000e+00 
4 24 20 1 4 0 20 1.000000e+00 
5 24 20 1 5 0 20 1.000000e+00 
6 24 20 1 6 0 20 1.000000e+00 
7 24 20 1 7 0 20 1.000000e+00 
8 24 20 1 8 0 20 1.000000e+00 
9 24 20 1 9 0 20 1.000000e+00 
10 24 20 1 10 0 20 1.000000e+00 
11 24 20 1 11 0 20 1.000000e+00 
12 24 20 1 12 0 20 1.000000e+00 
13 24 20 1 13 0 20 1.000000e+00 
14 24 20 1 14 0 20 1.000000e+00 
15 24 20 1 15 0 20 1.000000e+00 
16 24 20 1 16 0 20 1.000000e+00 
17 24 20 1 17 0 20 1.000000e+00 
18 24 20 1 18 0 20 1.000000e+00 
19 24 20 1 19 0 20 1.000000e+00 
20 24 20 1 20 0 20 1.000000e+00 
21 24 20 1 21 0 20 1.000000e+00 
22 24 20 1 22 0 20 1.000000e+00 
23 24 20 1 23 0 20 1.000000e+00 
24 24 20 1 24 0 20 1.000000e+00 
0 24 21 1 0 0 21 1.000000e+00 
1 24 21 1 1 0 21 1.000000e+00 
2 24 21 1 2 0 21 1.000000e+00 
3 24 21 1 3 0 21 1.000000e+00 
4 24 21 1 4 0 21 1.000000e+00 
5 24 21 1 5 0 21 1.000000e+00 
6 24 21 1 6 0 21 1.000000e+00 
7 24 21 1 7 0 21 1.000000e+00 
8 24 21 1 8 0 21 1.000000e+00 
9 24 21 1 9 0 21 1.000000e+00 
10 24 21 1 10 0 21 1.000000e+00 
11 24 21 1 11 0 21 1.000000e+00 
12 24 21 1 12 0 21 1.000000e+00 
13 24 21 1 13 0 21 1.000000e+00 
14 24 21 1 14 0 21 1.000000e+00 
15 24 21 1 15 0 21 1.000000e+00 
16 24 21 1 16 0 21 1.000000e+00 
17 24 21 1 17 0 21 1.000000e+00 
18 24 21 1 18 0 21 1.000000e+00 
19 24 21 1 19 0 21 1.000000e+00 
20 24 21 1 20 0 21 1.000000e+00 
21 24 21 1 21 0 21 1.000000e+00 
22 24 21 1 22 0 21 1.000000e+00 
23 24 21 1 23 0 21 1.000000e+00 
24 24 21 1 24 0 21 1.000000e+00 
0 24 22 1 0 0 22 1.000000e+00 
1 24 22 1 1 0 22 1.000000e+00 
2 24 22 1 2 0 22 1.000000e+00 
3 24 22 1 3 0 22 1.000000e+00 
4 24 22 1 4 0 22 1.000000e+00 
5 24 22 1 5 0 22 1.000000e+00 
6 24 22 1 6 0 22 1.000000e+00 
7 24 22 1 7 0 22 1.000000e+00 
8 24 22 1 8 0 22 1.000000e+00 
9 24 22 1 9 0 22 1.000000e+00 
10 24 22 1 10 0 22 1.000000e+00 
11 24 22 1 11 0 22 1.000000e+00 
12 24 22 1 12 0 22 1.000000e+00 
13 24 22 1 13 0 22 1.000000e+00 
14 24 22 1 14 0 22 1.000000e+00 
15 24 22 1 15 0 22 1.000000e+00 
16 24 22 1 16 0 22 1.000000e+00 
17 24 22 1 17 0 22 1.000000e+00 
18 24 22 1 18 0 22 1.000000e+00 
19 24 22 1 19 0 22 1.000000e+00 
20 24 22 1 20 0 22 1.000000e+00 
21 24 22 1 21 0 22 1.000000e+00 
22 24 22 1 22 0 22 1.000000e+00 
23 24 22 1 23 0 22 1.000000e+00 
24 24 22 1 24 0 22 1.000000e+00 
0 24 37 1 0 0 37 1.000000e+00 
1 24 37 1 1 0 37 1.000000e+00 
2 24 37 1 2 0 37 1.000000e+00 
3 24 37 1 3 0 37 1.000000e+00 
4 24 37 1 4 0 37 1.000000e+00 
5 24 37 1 5 0 37 1.000000e+00 
6 24 37 1 6 0 37 1.000000e+00 
7 24 37 1 7 0 37 1.000000e+00 
8 24 37 1 8 0 37 1.000000e+00 
9 24 37 1 9 0 37 1.000000e+00 
10 24 37 1 10 0 37 1.000000e+00 
11 24 37 1 11 0 37 1.000000e+00 
12 24 37 1 12 0 37 1.000000e+00 
13 24 37 1 13 0 37 1.000000e+00 
14 24 37 1 14 0 37 1.000000e+00 
15 24 37 1 15 0 37 1.000000e+00 
16 24 37 1 16 0 37 1.000000e+00 
17 24 37 1 17 0 37 1.000000e+00 
18 24 37 1 18 0 37 1.000000e+00 
19 24 37 1 19 0 37 1.000000e+00 
20 24 37 1 20 0 37 1.000000e+00 
21 24 37 1 21 0 37 1.000000e+00 
22 24 37 1 22 0 37 1.000000e+00 
23 24 37 1 23 0 37 1.000000e+00 
24 24 37 1 24 0 37 1.000000e+00 
0 24 38 1 0 0 38 1.000000e+00 
1 24 38 1 1 0 38 1.000000e+00 
2 24 38 1 2 0 38 1.000000e+00 
3 24 38 1 3 0 38 1.000000e+00 
4 24 38 1 4 0 38 1.000000e+00 
5 24 38 1 5 0 38 1.000000e+00 
6 24 38 1 6 0 38 1.000000e+00 
7 24 38 1 7 0 38 1.000000e+00 
8 24 38 1 8 0 38 1.000000e+00 
9 24 38 1 9 0 38 1.000000e+00 
10 24 38 1 10 0 38 1.000000e+00 
11 24 38 1 11 0 38 1.000000e+00 
12 24 38 1 12 0 38 1.000000e+00 
13 24 38 1 13 0 38 1.000000e+00 
14 24 38 1 14 0 38 1.000000e+00 
15 24 38 1 15 0 38 1.000000e+00 
16 24 38 1 16 0 38 1.000000e+00 
17 24 38 1 17 0 38 1.000000e+00 
18 24 38 1 18 0 38 1.000000e+00 
19 24 38 1 19 0 38 1.000000e+00 
20 24 38 1 20 0 38 1.000000e+00 
21 24 38 1 21 0 38 1.000000e+00 
22 24 38 1 22 0 38 1.000000e+00 
23 24 38 1 23 0 38 1.000000e+00 
24 24 38 1 24 0 38 1.000000e+00 
0 24 39 1 0 0 39 1.000000e+00 
1 24 39 1 1 0 39 1.000000e+00 
2 24 39 1 2 0 39 1.000000e+00 
3 24 39 1 3 0 39 1.000000e+00 
4 24 39 1 4 0 39 1.000000e+00 
5 24 39 1 5 0 39 1.000000e+00 
6 24 39 1 6 0 39 1.000000e+00 
7 24 39 1 7 0 39 1.000000e+00 
8 24 39 1 8 0 39 1.000000e+00 
9 24 39 1 9 0 39 1.000000e+00 
10 24 39 1 10 0 39 1.000000e+00 
11 24 39 1 11 0 39 1.000000e+00 
12 24 39 1 12 0 39 1.000000e+00 
13 24 39 1 13 0 39 1.000000e+00 
14 24 39 1 14 0 39 1.000000e+00 
15 24 39 1 15 0 39 1.000000e+00 
16 24 39 1 16 0 39 1.000000e+00 
17 24 39 1 17 0 39 1.000000e+00 
18 24 39 1 18 0 39 1.000000e+00 
19 24 39 1 19 0 39 1.000000e+00 
20 24 39 1 20 0 39 1.000000e+00 
21 24 39 1 21 0 39 1.000000e+00 
22 24 39 1 22 0 39 1.000000e+00 
23 24 39 1 23 0 39 1.000000e+00 
24 24 39 1 24 0 39 1.000000e+00 
0 24 40 1 0 0 40 1.000000e+00 
1 24 40 1 1 0 40 1.000000e+00 
2 24 40 1 2 0 40 1.000000e+00 
3 24 40 1 3 0 40 1.000000e+00 
4 24 40 1 4 0 40 1.000000e+00 
5 24 40 1 5 0 40 1.000000e+00 
6 24 40 1 6 0 40 1.000000e+00 
7 24 40 1 7 0 40 1.000000e+00 
8 24 40 1 8 0 40 1.000000e+00 
9 24 40 1 9 0 40 1.000000e+00 
10 24 40 1 10 0 40 1.000000e+00 
11 24 40 1 11 0 40 1.000000e+00 
12 24 40 1 12 0 40 1.000000e+00 
13 24 40 1 13 0 40 1.000000e+00 
14 24 40 1 14 0 40 1.000000e+00 
15 24 40 1 15 0 40 1.000000e+00 
16 24 40 1 16 0 40 1.000000e+00 
17 24 40 1 17 0 40 1.000000e+00 
18 24 40 1 18 0 40 1.000000e+00 
19 24 40 1 19 0 40 1.000000e+00 
20 24 40 1 20 0 40 1.000000e+00 
21 24 40 1 21 0 40 1.000000e+00 
22 24 40 1 22 0 40 1.000000e+00 
23 24 40 1 23 0 40 1.000000e+00 
24 24 40 1 24 0 40 1.000000e+00 
0 24 41 1 0 0 41 1.000000e+00 
1 24 41 1 1 0 41 1.000000e+00 
2 24 41 1 2 0 41 1.000000e+00 
3 24 41 1 3 0 41 1.000000e+00 
4 24 41 1 4 0 41 1.000000e+00 
5 24 41 1 5 0 41 1.000000e+00 
6 24 41 1 6 0 41 1.000000e+00 
7 24 41 1 7 0 41 1.000000e+00 
8 24 41 1 8 0 41 1.000000e+00 
9 24 41 1 9 0 41 1.000000e+00 
10 24 41 1 10 0 41 1.000000e+00 
11 24 41 1 11 0 41 1.000000e+00 
12 24 41 1 12 0 41 1.000000e+00 
13 24 41 1 13 0 41 1.000000e+00 
14 24 41 1 14 0 41 1.000000e+00 
15 24 41 1 15 0 41 1.000000e+00 
16 24 41 1 16 0 41 1.000000e+00 
17 24 41 1 17 0 41 1.000000e+00 
18 24 41 1 18 0 41 1.000000e+00 
19 24 41 1 19 0 41 1.000000e+00 
20 24 41 1 20 0 41 1.000000e+00 
21 24 41 1 21 0 41 1.000000e+00 
22 24 41 1 22 0 41 1.000000e+00 
23 24 41 1 23 0 41 1.000000e+00 
24 24 41 1 24 0 41 1.000000e+00 
0 24 42 1 0 0 42 1.000000e+00 
1 24 42 1 1 0 42 1.000000e+00 
2 24 42 1 2 0 42 1.000000e+00 
3 24 42 1 3 0 42 1.000000e+00 
4 24 42 1 4 0 42 1.000000e+00 
5 24 42 1 5 0 42 1.000000e+00 
6 24 42 1 6 0 42 1.000000e+00 
7 24 42 1 7 0 42 1.000000e+00 
8 24 42 1 8 0 42 1.000000e+00 
9 24 42 1 9 0 42 1.000000e+00 
10 24 42 1 10 0 42 1.000000e+00 
11 24 42 1 11 0 42 1.000000e+00 
12 24 42 1 12 0 42 1.000000e+00 
13 24 42 1 13 0 42 1.000000e+00 
14 24 42 1 14 0 42 1.000000e+00 
15 24 42 1 15 0 42 1.000000e+00 
16 24 42 1 16 0 42 1.000000e+00 
17 24 42 1 17 0 42 1.000000e+00 
18 24 42 1 18 0 42 1.000000e+00 
19 24 42 1 19 0 42 1.000000e+00 
20 24 42 1 20 0 42 1.000000e+00 
21 24 42 1 21 0 42 1.000000e+00 
22 24 42 1 22 0 42 1.000000e+00 
23 24 42 1 23 0 42 1.000000e+00 
24 24 42 1 24 0 42 1.000000e+00 
0 24 43 1 0 0 43 1.000000e+00 
1 24 43 1 1 0 43 1.000000e+00 
2 24 43 1 2 0 43 1.000000e+00 
3 24 43 1 3 0 43 1.000000e+00 
4 24 43 1 4 0 43 1.000000e+00 
5 24 43 1 5 0 43 1.000000e+00 
6 24 43 1 6 0 43 1.000000e+00 
7 24 43 1 7 0 43 1.000000e+00 
8 24 43 1 8 0 43 1.000000e+00 
9 24 43 1 9 0 43 1.000000e+00 
10 24 43 1 10 0 43 1.000000e+00 
11 24 43 1 11 0 43 1.000000e+00 
12 24 43 1 12 0 43 1.000000e+00 
13 24 43 1 13 0 43 1.000000e+00 
14 24 43 1 14 0 43 1.000000e+00 
15 24 43 1 15 0 43 1.000000e+00 
16 24 43 1 16 0 43 1.000000e+00 
17 24 43 1 17 0 43 1.000000e+00 
18 24 43 1 18 0 43 1.000000e+00 
19 24 43 1 19 0 43 1.000000e+00 
20 24 43 1 20 0 43 1.000000e+00 
21 24 43 1 21 0 43 1.000000e+00 
22 24 43 1 22 0 43 1.000000e+00 
23 24 43 1 23 0 43 1.000000e+00 
24 24 43 1 24 0 43 1.000000e+00 
0 24 44 1 0 0 44 1.000000e+00 
1 24 44 1 1 0 44 1.000000e+00 
2 24 44 1 2 0 44 1.000000e+00 
3 24 44 1 3 0 44 1.000000e+00 
4 24 44 1 4 0 44 1.000000e+00 
5 24 44 1 5 0 44 1.000000e+00 
6 24 44 1 6 0 44 1.000000e+00 
7 24 44 1 7 0 44 1.000000e+00 
8 24 44 1 8 0 44 1.000000e+00 
9 24 44 1 9 0 44 1.000000e+00 
10 24 44 1 10 0 44 1.000000e+00 
11 24 44 1 11 0 44 1.000000e+00 
12 24 44 1 12 0 44 1.000000e+00 
13 24 44 1 13 0 44 1.000000e+00 
14 24 44 1 14 0 44 1.000000e+00 
15 24 44 1 15 0 44 1.000000e+00 
16 24 44 1 16 0 44 1.000000e+00 
17 24 44 1 17 0 44 1.000000e+00 
18 24 44 1 18 0 44 1.000000e+00 
19 24 44 1 19 0 44 1.000000e+00 
20 24 44 1 20 0 44 1.000000e+00 
21 24 44 1 21 0 44 1.000000e+00 
22 24 44 1 22 0 44 1.000000e+00 
23 24 44 1 23 0 44 1.000000e+00 
24 24 44 1 24 0 44 1.000000e+00 
0 24 49 1 0 0 49 1.000000e+00 
1 24 49 1 1 0 49 1.000000e+00 
2 24 49 1 2 0 49 1.000000e+00 
3 24 49 1 3 0 49 1.000000e+00 
4 24 49 1 4 0 49 1.000000e+00 
5 24 49 1 5 0 49 1.000000e+00 
6 24 49 1 6 0 49 1.000000e+00 
7 24 49 1 7 0 49 1.000000e+00 
8 24 49 1 8 0 49 1.000000e+00 
9 24 49 1 9 0 49 1.000000e+00 
10 24 49 1 10 0 49 1.000000e+00 
11 24 49 1 11 0 49 1.000000e+00 
12 24 49 1 12 0 49 1.000000e+00 
13 24 49 1 13 0 49 1.000000e+00 
14 24 49 1 14 0 49 1.000000e+00 
15 24 49 1 15 0 49 1.000000e+00 
16 24 49 1 16 0 49 1.000000e+00 
17 24 49 1 17 0 49 1.000000e+00 
18 24 49 1 18 0 49 1.000000e+00 
19 24 49 1 19 0 49 1.000000e+00 
20 24 49 1 20 0 49 1.000000e+00 
21 24 49 1 21 0 49 1.000000e+00 
22 24 49 1 22 0 49 1.000000e+00 
23 24 49 1 23 0 49 1.000000e+00 
24 24 49 1 24 0 49 1.000000e+00 
0 24 50 1 0 0 50 1.000000e+00 
1 24 50 1 1 0 50 1.000000e+00 
2 24 50 1 2 0 50 1.000000e+00 
3 24 50 1 3 0 50 1.000000e+00 
4 24 50 1 4 0 50 1.000000e+00 
5 24 50 1 5 0 50 1.000000e+00 
6 24 50 1 6 0 50 1.000000e+00 
7 24 50 1 7 0 50 1.000000e+00 
8 24 50 1 8 0 50 1.000000e+00 
9 24 50 1 9 0 50 1.000000e+00 
10 24 50 1 10 0 50 1.000000e+00 
11 24 50 1 11 0 50 1.000000e+00 
12 24 50 1 12 0 50 1.000000e+00 
13 24 50 1 13 0 50 1.000000e+00 
14 24 50 1 14 0 50 1.000000e+00 
15 24 50 1 15 0 50 1.000000e+00 
16 24 50 1 16 0 50 1.000000e+00 
17 24 50 1 17 0 50 1.000000e+00 
18 24 50 1 18 0 50 1.000000e+00 
19 24 50 1 19 0 50 1.000000e+00 
20 24 50 1 20 0 50 1.000000e+00 
21 24 50 1 21 0 50 1.000000e+00 
22 24 50 1 22 0 50 1.000000e+00 
23 24 50 1 23 0 50 1.000000e+00 
24 24 50 1 24 0 50 1.000000e+00 
0 24 8 1 0 0 8 1.000000e+00 
1 24 8 1 1 0 8 1.000000e+00 
2 24 8 1 2 0 8 1.000000e+00 
3 24 8 1 3 0 8 1.000000e+00 
4 24 8 1 4 0 8 1.000000e+00 
5 24 8 1 5 0 8 1.000000e+00 
6 24 8 1 6 0 8 1.000000e+00 
7 24 8 1 7 0 8 1.000000e+00 
8 24 8 1 8 0 8 1.000000e+00 
9 24 8 1 9 0 8 1.000000e+00 
10 24 8 1 10 0 8 1.000000e+00 
11 24 8 1 11 0 8 1.000000e+00 
12 24 8 1 12 0 8 1.000000e+00 
13 24 8 1 13 0 8 1.000000e+00 
14 24 8 1 14 0 8 1.000000e+00 
15 24 8 1 15 0 8 1.000000e+00 
16 24 8 1 16 0 8 1.000000e+00 
17 24 8 1 17 0 8 1.000000e+00 
18 24 8 1 18 0 8 1.000000e+00 
19 24 8 1 19 0 8 1.000000e+00 
20 24 8 1 20 0 8 1.000000e+00 
21 24 8 1 21 0 8 1.000000e+00 
22 24 8 1 22 0 8 1.000000e+00 
23 24 8 1 23 0 8 1.000000e+00 
24 24 8 1 24 0 8 1.000000e+00 
0 24 9 1 0 0 9 1.000000e+00 
1 24 9 1 1 0 9 1.000000e+00 
2 24 9 1 2 0 9 1.000000e+00 
3 24 9 1 3 0 9 1.000000e+00 
4 24 9 1 4 0 9 1.000000e+00 
5 24 9 1 5 0 9 1.000000e+00 
6 24 9 1 6 0 9 1.000000e+00 
7 24 9 1 7 0 9 1.000000e+00 
8 24 9 1 8 0 9 1.000000e+00 
9 24 9 1 9 0 9 1.000000e+00 
10 24 9 1 10 0 9 1.000000e+00 
11 24 9 1 11 0 9 1.000000e+00 
12 24 9 1 12 0 9 1.000000e+00 
13 24 9 1 13 0 9 1.000000e+00 
14 24 9 1 14 0 9 1.000000e+00 
15 24 9 1 15 0 9 1.000000e+00 
16 24 9 1 16 0 9 1.000000e+00 
17 24 9 1 17 0 9 1.000000e+00 
18 24 9 1 18 0 9 1.000000e+00 
19 24 9 1 19 0 9 1.000000e+00 
20 24 9 1 20 0 9 1.000000e+00 
21 24 9 1 21 0 9 1.000000e+00 
22 24 9 1 22 0 9 1.000000e+00 
23 24 9 1 23 0 9 1.000000e+00 
24 24 9 1 24 0 9 1.000000e+00 
0 24 10 1 0 0 10 1.000000e+00 
1 24 10 1 1 0 10 1.000000e+00 
2 24 10 1 2 0 10 1.000000e+00 
3 24 10 1 3 0 10 1.000000e+00 
4 24 10 1 4 0 10 1.000000e+00 
5 24 10 1 5 0 10 1.000000e+00 
6 24 10 1 6 0 10 1.000000e+00 
7 24 10 1 7 0 10 1.000000e+00 
8 24 10 1 8 0 10 1.000000e+00 
9 24 10 1 9 0 10 1.000000e+00 
10 24 10 1 10 0 10 1.000000e+00 
11 24 10 1 11 0 10 1.000000e+00 
12 24 10 1 12 0 10 1.000000e+00 
13 24 10 1 13 0 10 1.000000e+00 
14 24 10 1 14 0 10 1.000000e+00 
15 24 10 1 15 0 10 1.000000e+00 
16 24 10 1 16 0 10 1.000000e+00 
17 24 10 1 17 0 10 1.000000e+00 
18 24 10 1 18 0 10 1.000000e+00 
19 24 10 1 19 0 10 1.000000e+00 
20 24 10 1 20 0 10 1.000000e+00 
21 24 10 1 21 0 10 1.000000e+00 
22 24 10 1 22 0 10 1.000000e+00 
23 24 10 1 23 0 10 1.000000e+00 
24 24 10 1 24 0 10 1.000000e+00 
0 24 11 1 0 0 11 1.000000e+00 
1 24 11 1 1 0 11 1.000000e+00 
2 24 11 1 2 0 11 1.000000e+00 
3 24 11 1 3 0 11 1.000000e+00 
4 24 11 1 4 0 11 1.000000e+00 
5 24 11 1 5 0 11 1.000000e+00 
6 24 11 1 6 0 11 1.000000e+00 
7 24 11 1 7 0 11 1.000000e+00 
8 24 11 1 8 0 11 1.000000e+00 
9 24 11 1 9 0 11 1.000000e+00 
10 24 11 1 10 0 11 1.000000e+00 
11 24 11 1 11 0 11 1.000000e+00 
12 24 11 1 12 0 11 1.000000e+00 
13 24 11 1 13 0 11 1.000000e+00 
14 24 11 1 14 0 11 1.000000e+00 
15 24 11 1 15 0 11 1.000000e+00 
16 24 11 1 16 0 11 1.000000e+00 
17 24 11 1 17 0 11 1.000000e+00 
18 24 11 1 18 0 11 1.000000e+00 
19 24 11 1 19 0 11 1.000000e+00 
20 24 11 1 20 0 11 1.000000e+00 
21 24 11 1 21 0 11 1.000000e+00 
22 24 11 1 22 0 11 1.000000e+00 
23 24 11 1 23 0 11 1.000000e+00 
24 24 11 1 24 0 11 1.000000e+00 
0 24 12 1 0 0 12 1.000000e+00 
1 24 12 1 1 0 12 1.000000e+00 
2 24 12 1 2 0 12 1.000000e+00 
3 24 12 1 3 0 12 1.000000e+00 
4 24 12 1 4 0 12 1.000000e+00 
5 24 12 1 5 0 12 1.000000e+00 
6 24 12 1 6 0 12 1.000000e+00 
7 24 12 1 7 0 12 1.000000e+00 
8 24 12 1 8 0 12 1.000000e+00 
9 24 12 1 9 0 12 1.000000e+00 
10 24 12 1 10 0 12 1.000000e+00 
11 24 12 1 11 0 12 1.000000e+00 
12 24 12 1 12 0 12 1.000000e+00 
13 24 12 1 13 0 12 1.000000e+00 
14 24 12 1 14 0 12 1.000000e+00 
15 24 12 1 15 0 12 1.000000e+00 
16 24 12 1 16 0 12 1.000000e+00 
17 24 12 1 17 0 12 1.000000e+00 
18 24 12 1 18 0 12 1.000000e+00 
19 24 12 1 19 0 12 1.000000e+00 
20 24 12 1 20 0 12 1.000000e+00 
21 24 12 1 21 0 12 1.000000e+00 
22 24 12 1 22 0 12 1.000000e+00 
23 24 12 1 23 0 12 1.000000e+00 
24 24 12 1 24 0 12 1.000000e+00 
0 24 33 1 0 0 33 1.000000e+00 
1 24 33 1 1 0 33 1.000000e+00 
2 24 33 1 2 0 33 1.000000e+00 
3 24 33 1 3 0 33 1.000000e+00 
4 24 33 1 4 0 33 1.000000e+00 
5 24 33 1 5 0 33 1.000000e+00 
6 24 33 1 6 0 33 1.000000e+00 
7 24 33 1 7 0 33 1.000000e+00 
8 24 33 1 8 0 33 1.000000e+00 
9 24 33 1 9 0 33 1.000000e+00 
10 24 33 1 10 0 33 1.000000e+00 
11 24 33 1 11 0 33 1.000000e+00 
12 24 33 1 12 0 33 1.000000e+00 
13 24 33 1 13 0 33 1.000000e+00 
14 24 33 1 14 0 33 1.000000e+00 
15 24 33 1 15 0 33 1.000000e+00 
16 24 33 1 16 0 33 1.000000e+00 
17 24 33 1 17 0 33 1.000000e+00 
18 24 33 1 18 0 33 1.000000e+00 
19 24 33 1 19 0 33 1.000000e+00 
20 24 33 1 20 0 33 1.000000e+00 
21 24 33 1 21 0 33 1.000000e+00 
22 24 33 1 22 0 33 1.000000e+00 
23 24 33 1 23 0 33 1.000000e+00 
24 24 33 1 24 0 33 1.000000e+00 
0 24 34 1 0 0 34 1.000000e+00 
1 24 34 1 1 0 34 1.000000e+00 
2 24 34 1 2 0 34 1.000000e+00 
3 24 34 1 3 0 34 1.000000e+00 
4 24 34 1 4 0 34 1.000000e+00 
5 24 34 1 5 0 34 1.000000e+00 
6 24 34 1 6 0 34 1.000000e+00 
7 24 34 1 7 0 34 1.000000e+00 
8 24 34 1 8 0 34 1.000000e+00 
9 24 34 1 9 0 34 1.000000e+00 
10 24 34 1 10 0 34 1.000000e+00 
11 24 34 1 11 0 34 1.000000e+00 
12 24 34 1 12 0 34 1.000000e+00 
13 24 34 1 13 0 34 1.000000e+00 
14 24 34 1 14 0 34 1.000000e+00 
15 24 34 1 15 0 34 1.000000e+00 
16 24 34 1 16 0 34 1.000000e+00 
17 24 34 1 17 0 34 1.000000e+00 
18 24 34 1 18 0 34 1.000000e+00 
19 24 34 1 19 0 34 1.000000e+00 
20 24 34 1 20 0 34 1.000000e+00 
21 24 34 1 21 0 34 1.000000e+00 
22 24 34 1 22 0 34 1.000000e+00 
23 24 34 1 23 0 34 1.000000e+00 
24 24 34 1 24 0 34 1.000000e+00 
0 24 35 1 0 0 35 1.000000e+00 
1 24 35 1 1 0 35 1.000000e+00 
2 24 35 1 2 0 35 1.000000e+00 
3 24 35 1 3 0 35 1.000000e+00 
4 24 35 1 4 0 35 1.000000e+00 
5 24 35 1 5 0 35 1.000000e+00 
6 24 35 1 6 0 35 1.000000e+00 
7 24 35 1 7 0 35 1.000000e+00 
8 24 35 1 8 0 35 1.000000e+00 
9 24 35 1 9 0 35 1.000000e+00 
10 24 35 1 10 0 35 1.000000e+00 
11 24 35 1 11 0 35 1.000000e+00 
12 24 35 1 12 0 35 1.000000e+00 
13 24 35 1 13 0 35 1.000000e+00 
14 24 35 1 14 0 35 1.000000e+00 
15 24 35 1 15 0 35 1.000000e+00 
16 24 35 1 16 0 35 1.000000e+00 
17 24 35 1 17 0 35 1.000000e+00 
18 24 35 1 18 0 35 1.000000e+00 
19 24 35 1 19 0 35 1.000000e+00 
20 24 35 1 20 0 35 1.000000e+00 
21 24 35 1 21 0 35 1.000000e+00 
22 24 35 1 22 0 35 1.000000e+00 
23 24 35 1 23 0 35 1.000000e+00 
24 24 35 1 24 0 35 1.000000e+00 
0 24 36 1 0 0 36 1.000000e+00 
1 24 36 1 1 0 36 1.000000e+00 
2 24 36 1 2 0 36 1.000000e+00 
3 24 36 1 3 0 36 1.000000e+00 
4 24 36 1 4 0 36 1.000000e+00 
5 24 36 1 5 0 36 1.000000e+00 
6 24 36 1 6 0 36 1.000000e+00 
7 24 36 1 7 0 36 1.000000e+00 
8 24 36 1 8 0 36 1.000000e+00 
9 24 36 1 9 0 36 1.000000e+00 
10 24 36 1 10 0 36 1.000000e+00 
11 24 36 1 11 0 36 1.000000e+00 
12 24 36 1 12 0 36 1.000000e+00 
13 24 36 1 13 0 36 1.000000e+00 
14 24 36 1 14 0 36 1.000000e+00 
15 24 36 1 15 0 36 1.000000e+00 
16 24 36 1 16 0 36 1.000000e+00 
17 24 36 1 17 0 36 1.000000e+00 
18 24 36 1 18 0 36 1.000000e+00 
19 24 36 1 19 0 36 1.000000e+00 
20 24 36 1 20 0 36 1.000000e+00 
21 24 36 1 21 0 36 1.000000e+00 
22 24 36 1 22 0 36 1.000000e+00 
23 24 36 1 23 0 36 1.000000e+00 
24 24 36 1 24 0 36 1.000000e+00 
