cylinder_left
3D
1275
0 0 33 1 24 0 33 1.000000e+00 
0 1 33 1 23 0 33 1.000000e+00 
0 2 33 1 22 0 33 1.000000e+00 
0 3 33 1 21 0 33 1.000000e+00 
0 4 33 1 20 0 33 1.000000e+00 
0 5 33 1 19 0 33 1.000000e+00 
0 6 33 1 18 0 33 1.000000e+00 
0 7 33 1 17 0 33 1.000000e+00 
0 8 33 1 16 0 33 1.000000e+00 
0 9 33 1 15 0 33 1.000000e+00 
0 10 33 1 14 0 33 1.000000e+00 
0 11 33 1 13 0 33 1.000000e+00 
0 12 33 1 12 0 33 1.000000e+00 
0 13 33 1 11 0 33 1.000000e+00 
0 14 33 1 10 0 33 1.000000e+00 
0 15 33 1 9 0 33 1.000000e+00 
0 16 33 1 8 0 33 1.000000e+00 
0 17 33 1 7 0 33 1.000000e+00 
0 18 33 1 6 0 33 1.000000e+00 
0 19 33 1 5 0 33 1.000000e+00 
0 20 33 1 4 0 33 1.000000e+00 
0 21 33 1 3 0 33 1.000000e+00 
0 22 33 1 2 0 33 1.000000e+00 
0 23 33 1 1 0 33 1.000000e+00 
0 24 33 1 0 0 33 1.000000e+00 
0 0 34 1 24 0 34 1.000000e+00 
0 1 34 1 23 0 34 1.000000e+00 
0 2 34 1 22 0 34 1.000000e+00 
0 3 34 1 21 0 34 1.000000e+00 
0 4 34 1 20 0 34 1.000000e+00 
0 5 34 1 19 0 34 1.000000e+00 
0 6 34 1 18 0 34 1.000000e+00 
0 7 34 1 17 0 34 1.000000e+00 
0 8 34 1 16 0 34 1.000000e+00 
0 9 34 1 15 0 34 1.000000e+00 
0 10 34 1 14 0 34 1.000000e+00 
0 11 34 1 13 0 34 1.000000e+00 
0 12 34 1 12 0 34 1.000000e+00 
0 13 34 1 11 0 34 1.000000e+00 
0 14 34 1 10 0 34 1.000000e+00 
0 15 34 1 9 0 34 1.000000e+00 
0 16 34 1 8 0 34 1.000000e+00 
0 17 34 1 7 0 34 1.000000e+00 
0 18 34 1 6 0 34 1.000000e+00 
0 19 34 1 5 0 34 1.000000e+00 
0 20 34 1 4 0 34 1.000000e+00 
0 21 34 1 3 0 34 1.000000e+00 
0 22 34 1 2 0 34 1.000000e+00 
0 23 34 1 1 0 34 1.000000e+00 
0 24 34 1 0 0 34 1.000000e+00 
0 0 35 1 24 0 35 1.000000e+00 
0 1 35 1 23 0 35 1.000000e+00 
0 2 35 1 22 0 35 1.000000e+00 
0 3 35 1 21 0 35 1.000000e+00 
0 4 35 1 20 0 35 1.000000e+00 
0 5 35 1 19 0 35 1.000000e+00 
0 6 35 1 18 0 35 1.000000e+00 
0 7 35 1 17 0 35 1.000000e+00 
0 8 35 1 16 0 35 1.000000e+00 
0 9 35 1 15 0 35 1.000000e+00 
0 10 35 1 14 0 35 1.000000e+00 
0 11 35 1 13 0 35 1.000000e+00 
0 12 35 1 12 0 35 1.000000e+00 
0 13 35 1 11 0 35 1.000000e+00 
0 14 35 1 10 0 35 1.000000e+00 
0 15 35 1 9 0 35 1.000000e+00 
0 16 35 1 8 0 35 1.000000e+00 
0 17 35 1 7 0 35 1.000000e+00 
0 18 35 1 6 0 35 1.000000e+00 
0 19 35 1 5 0 35 1.000000e+00 
0 20 35 1 4 0 35 1.000000e+00 
0 21 35 1 3 0 35 1.000000e+00 
0 22 35 1 2 0 35 1.000000e+00 
0 23 35 1 1 0 35 1.000000e+00 
0 24 35 1 0 0 35 1.000000e+00 
0 0 36 1 24 0 36 1.000000e+00 
0 1 36 1 23 0 36 1.000000e+00 
0 2 36 1 22 0 36 1.000000e+00 
0 3 36 1 21 0 36 1.000000e+00 
0 4 36 1 20 0 36 1.000000e+00 
0 5 36 1 19 0 36 1.000000e+00 
0 6 36 1 18 0 36 1.000000e+00 
0 7 36 1 17 0 36 1.000000e+00 
0 8 36 1 16 0 36 1.000000e+00 
0 9 36 1 15 0 36 1.000000e+00 
0 10 36 1 14 0 36 1.000000e+00 
0 11 36 1 13 0 36 1.000000e+00 
0 12 36 1 12 0 36 1.000000e+00 
0 13 36 1 11 0 36 1.000000e+00 
0 14 36 1 10 0 36 1.000000e+00 
0 15 36 1 9 0 36 1.000000e+00 
0 16 36 1 8 0 36 1.000000e+00 
0 17 36 1 7 0 36 1.000000e+00 
0 18 36 1 6 0 36 1.000000e+00 
0 19 36 1 5 0 36 1.000000e+00 
0 20 36 1 4 0 36 1.000000e+00 
0 21 36 1 3 0 36 1.000000e+00 
0 22 36 1 2 0 36 1.000000e+00 
0 23 36 1 1 0 36 1.000000e+00 
0 24 36 1 0 0 36 1.000000e+00 
0 0 3 1 24 0 3 1.000000e+00 
0 1 3 1 23 0 3 1.000000e+00 
0 2 3 1 22 0 3 1.000000e+00 
0 3 3 1 21 0 3 1.000000e+00 
0 4 3 1 20 0 3 1.000000e+00 
0 5 3 1 19 0 3 1.000000e+00 
0 6 3 1 18 0 3 1.000000e+00 
0 7 3 1 17 0 3 1.000000e+00 
0 8 3 1 16 0 3 1.000000e+00 
0 9 3 1 15 0 3 1.000000e+00 
0 10 3 1 14 0 3 1.000000e+00 
0 11 3 1 13 0 3 1.000000e+00 
0 12 3 1 12 0 3 1.000000e+00 
0 13 3 1 11 0 3 1.000000e+00 
0 14 3 1 10 0 3 1.000000e+00 
0 15 3 1 9 0 3 1.000000e+00 
0 16 3 1 8 0 3 1.000000e+00 
0 17 3 1 7 0 3 1.000000e+00 
0 18 3 1 6 0 3 1.000000e+00 
0 19 3 1 5 0 3 1.000000e+00 
0 20 3 1 4 0 3 1.000000e+00 
0 21 3 1 3 0 3 1.000000e+00 
0 22 3 1 2 0 3 1.000000e+00 
0 23 3 1 1 0 3 1.000000e+00 
0 24 3 1 0 0 3 1.000000e+00 
0 0 4 1 24 0 4 1.000000e+00 
0 1 4 1 23 0 4 1.000000e+00 
0 2 4 1 22 0 4 1.000000e+00 
0 3 4 1 21 0 4 1.000000e+00 
0 4 4 1 20 0 4 1.000000e+00 
0 5 4 1 19 0 4 1.000000e+00 
0 6 4 1 18 0 4 1.000000e+00 
0 7 4 1 17 0 4 1.000000e+00 
0 8 4 1 16 0 4 1.000000e+00 
0 9 4 1 15 0 4 1.000000e+00 
0 10 4 1 14 0 4 1.000000e+00 
0 11 4 1 13 0 4 1.000000e+00 
0 12 4 1 12 0 4 1.000000e+00 
0 13 4 1 11 0 4 1.000000e+00 
0 14 4 1 10 0 4 1.000000e+00 
0 15 4 1 9 0 4 1.000000e+00 
0 16 4 1 8 0 4 1.000000e+00 
0 17 4 1 7 0 4 1.000000e+00 
0 18 4 1 6 0 4 1.000000e+00 
0 19 4 1 5 0 4 1.000000e+00 
0 20 4 1 4 0 4 1.000000e+00 
0 21 4 1 3 0 4 1.000000e+00 
0 22 4 1 2 0 4 1.000000e+00 
0 23 4 1 1 0 4 1.000000e+00 
0 24 4 1 0 0 4 1.000000e+00 
0 0 5 1 24 0 5 1.000000e+00 
0 1 5 1 23 0 5 1.000000e+00 
0 2 5 1 22 0 5 1.000000e+00 
0 3 5 1 21 0 5 1.000000e+00 
0 4 5 1 20 0 5 1.000000e+00 
0 5 5 1 19 0 5 1.000000e+00 
0 6 5 1 18 0 5 1.000000e+00 
0 7 5 1 17 0 5 1.000000e+00 
0 8 5 1 16 0 5 1.000000e+00 
0 9 5 1 15 0 5 1.000000e+00 
0 10 5 1 14 0 5 1.000000e+00 
0 11 5 1 13 0 5 1.000000e+00 
0 12 5 1 12 0 5 1.000000e+00 
0 13 5 1 11 0 5 1.000000e+00 
0 14 5 1 10 0 5 1.000000e+00 
0 15 5 1 9 0 5 1.000000e+00 
0 16 5 1 8 0 5 1.000000e+00 
0 17 5 1 7 0 5 1.000000e+00 
0 18 5 1 6 0 5 1.000000e+00 
0 19 5 1 5 0 5 1.000000e+00 
0 20 5 1 4 0 5 1.000000e+00 
0 21 5 1 3 0 5 1.000000e+00 
0 22 5 1 2 0 5 1.000000e+00 
0 23 5 1 1 0 5 1.000000e+00 
0 24 5 1 0 0 5 1.000000e+00 
0 0 6 1 24 0 6 1.000000e+00 
0 1 6 1 23 0 6 1.000000e+00 
0 2 6 1 22 0 6 1.000000e+00 
0 3 6 1 21 0 6 1.000000e+00 
0 4 6 1 20 0 6 1.000000e+00 
0 5 6 1 19 0 6 1.000000e+00 
0 6 6 1 18 0 6 1.000000e+00 
0 7 6 1 17 0 6 1.000000e+00 
0 8 6 1 16 0 6 1.000000e+00 
0 9 6 1 15 0 6 1.000000e+00 
0 10 6 1 14 0 6 1.000000e+00 
0 11 6 1 13 0 6 1.000000e+00 
0 12 6 1 12 0 6 1.000000e+00 
0 13 6 1 11 0 6 1.000000e+00 
0 14 6 1 10 0 6 1.000000e+00 
0 15 6 1 9 0 6 1.000000e+00 
0 16 6 1 8 0 6 1.000000e+00 
0 17 6 1 7 0 6 1.000000e+00 
0 18 6 1 6 0 6 1.000000e+00 
0 19 6 1 5 0 6 1.000000e+00 
0 20 6 1 4 0 6 1.000000e+00 
0 21 6 1 3 0 6 1.000000e+00 
0 22 6 1 2 0 6 1.000000e+00 
0 23 6 1 1 0 6 1.000000e+00 
0 24 6 1 0 0 6 1.000000e+00 
0 0 7 1 24 0 7 1.000000e+00 
0 1 7 1 23 0 7 1.000000e+00 
0 2 7 1 22 0 7 1.000000e+00 
0 3 7 1 21 0 7 1.000000e+00 
0 4 7 1 20 0 7 1.000000e+00 
0 5 7 1 19 0 7 1.000000e+00 
0 6 7 1 18 0 7 1.000000e+00 
0 7 7 1 17 0 7 1.000000e+00 
0 8 7 1 16 0 7 1.000000e+00 
0 9 7 1 15 0 7 1.000000e+00 
0 10 7 1 14 0 7 1.000000e+00 
0 11 7 1 13 0 7 1.000000e+00 
0 12 7 1 12 0 7 1.000000e+00 
0 13 7 1 11 0 7 1.000000e+00 
0 14 7 1 10 0 7 1.000000e+00 
0 15 7 1 9 0 7 1.000000e+00 
0 16 7 1 8 0 7 1.000000e+00 
0 17 7 1 7 0 7 1.000000e+00 
0 18 7 1 6 0 7 1.000000e+00 
0 19 7 1 5 0 7 1.000000e+00 
0 20 7 1 4 0 7 1.000000e+00 
0 21 7 1 3 0 7 1.000000e+00 
0 22 7 1 2 0 7 1.000000e+00 
0 23 7 1 1 0 7 1.000000e+00 
0 24 7 1 0 0 7 1.000000e+00 
0 0 28 1 24 0 28 1.000000e+00 
0 1 28 1 23 0 28 1.000000e+00 
0 2 28 1 22 0 28 1.000000e+00 
0 3 28 1 21 0 28 1.000000e+00 
0 4 28 1 20 0 28 1.000000e+00 
0 5 28 1 19 0 28 1.000000e+00 
0 6 28 1 18 0 28 1.000000e+00 
0 7 28 1 17 0 28 1.000000e+00 
0 8 28 1 16 0 28 1.000000e+00 
0 9 28 1 15 0 28 1.000000e+00 
0 10 28 1 14 0 28 1.000000e+00 
0 11 28 1 13 0 28 1.000000e+00 
0 12 28 1 12 0 28 1.000000e+00 
0 13 28 1 11 0 28 1.000000e+00 
0 14 28 1 10 0 28 1.000000e+00 
0 15 28 1 9 0 28 1.000000e+00 
0 16 28 1 8 0 28 1.000000e+00 
0 17 28 1 7 0 28 1.000000e+00 
0 18 28 1 6 0 28 1.000000e+00 
0 19 28 1 5 0 28 1.000000e+00 
0 20 28 1 4 0 28 1.000000e+00 
0 21 28 1 3 0 28 1.000000e+00 
0 22 28 1 2 0 28 1.000000e+00 
0 23 28 1 1 0 28 1.000000e+00 
0 24 28 1 0 0 28 1.000000e+00 
0 0 29 1 24 0 29 1.000000e+00 
0 1 29 1 23 0 29 1.000000e+00 
0 2 29 1 22 0 29 1.000000e+00 
0 3 29 1 21 0 29 1.000000e+00 
0 4 29 1 20 0 29 1.000000e+00 
0 5 29 1 19 0 29 1.000000e+00 
0 6 29 1 18 0 29 1.000000e+00 
0 7 29 1 17 0 29 1.000000e+00 
0 8 29 1 16 0 29 1.000000e+00 
0 9 29 1 15 0 29 1.000000e+00 
0 10 29 1 14 0 29 1.000000e+00 
0 11 29 1 13 0 29 1.000000e+00 
0 12 29 1 12 0 29 1.000000e+00 
0 13 29 1 11 0 29 1.000000e+00 
0 14 29 1 10 0 29 1.000000e+00 
0 15 29 1 9 0 29 1.000000e+00 
0 16 29 1 8 0 29 1.000000e+00 
0 17 29 1 7 0 29 1.000000e+00 
0 18 29 1 6 0 29 1.000000e+00 
0 19 29 1 5 0 29 1.000000e+00 
0 20 29 1 4 0 29 1.000000e+00 
0 21 29 1 3 0 29 1.000000e+00 
0 22 29 1 2 0 29 1.000000e+00 
0 23 29 1 1 0 29 1.000000e+00 
0 24 29 1 0 0 29 1.000000e+00 
0 0 30 1 24 0 30 1.000000e+00 
0 1 30 1 23 0 30 1.000000e+00 
0 2 30 1 22 0 30 1.000000e+00 
0 3 30 1 21 0 30 1.000000e+00 
0 4 30 1 20 0 30 1.000000e+00 
0 5 30 1 19 0 30 1.000000e+00 
0 6 30 1 18 0 30 1.000000e+00 
0 7 30 1 17 0 30 1.000000e+00 
0 8 30 1 16 0 30 1.000000e+00 
0 9 30 1 15 0 30 1.000000e+00 
0 10 30 1 14 0 30 1.000000e+00 
0 11 30 1 13 0 30 1.000000e+00 
0 12 30 1 12 0 30 1.000000e+00 
0 13 30 1 11 0 30 1.000000e+00 
0 14 30 1 10 0 30 1.000000e+00 
0 15 30 1 9 0 30 1.000000e+00 
0 16 30 1 8 0 30 1.000000e+00 
0 17 30 1 7 0 30 1.000000e+00 
0 18 30 1 6 0 30 1.000000e+00 
0 19 30 1 5 0 30 1.000000e+00 
0 20 30 1 4 0 30 1.000000e+00 
0 21 30 1 3 0 30 1.000000e+00 
0 22 30 1 2 0 30 1.000000e+00 
0 23 30 1 1 0 30 1.000000e+00 
0 24 30 1 0 0 30 1.000000e+00 
0 0 31 1 24 0 31 1.000000e+00 
0 1 31 1 23 0 31 1.000000e+00 
0 2 31 1 22 0 31 1.000000e+00 
0 3 31 1 21 0 31 1.000000e+00 
0 4 31 1 20 0 31 1.000000e+00 
0 5 31 1 19 0 31 1.000000e+00 
0 6 31 1 18 0 31 1.000000e+00 
0 7 31 1 17 0 31 1.000000e+00 
0 8 31 1 16 0 31 1.000000e+00 
0 9 31 1 15 0 31 1.000000e+00 
0 10 31 1 14 0 31 1.000000e+00 
0 11 31 1 13 0 31 1.000000e+00 
0 12 31 1 12 0 31 1.000000e+00 
0 13 31 1 11 0 31 1.000000e+00 
0 14 31 1 10 0 31 1.000000e+00 
0 15 31 1 9 0 31 1.000000e+00 
0 16 31 1 8 0 31 1.000000e+00 
0 17 31 1 7 0 31 1.000000e+00 
0 18 31 1 6 0 31 1.000000e+00 
0 19 31 1 5 0 31 1.000000e+00 
0 20 31 1 4 0 31 1.000000e+00 
0 21 31 1 3 0 31 1.000000e+00 
0 22 31 1 2 0 31 1.000000e+00 
0 23 31 1 1 0 31 1.000000e+00 
0 24 31 1 0 0 31 1.000000e+00 
0 0 32 1 24 0 32 1.000000e+00 
0 1 32 1 23 0 32 1.000000e+00 
0 2 32 1 22 0 32 1.000000e+00 
0 3 32 1 21 0 32 1.000000e+00 
0 4 32 1 20 0 32 1.000000e+00 
0 5 32 1 19 0 32 1.000000e+00 
0 6 32 1 18 0 32 1.000000e+00 
0 7 32 1 17 0 32 1.000000e+00 
0 8 32 1 16 0 32 1.000000e+00 
0 9 32 1 15 0 32 1.000000e+00 
0 10 32 1 14 0 32 1.000000e+00 
0 11 32 1 13 0 32 1.000000e+00 
0 12 32 1 12 0 32 1.000000e+00 
0 13 32 1 11 0 32 1.000000e+00 
0 14 32 1 10 0 32 1.000000e+00 
0 15 32 1 9 0 32 1.000000e+00 
0 16 32 1 8 0 32 1.000000e+00 
0 17 32 1 7 0 32 1.000000e+00 
0 18 32 1 6 0 32 1.000000e+00 
0 19 32 1 5 0 32 1.000000e+00 
0 20 32 1 4 0 32 1.000000e+00 
0 21 32 1 3 0 32 1.000000e+00 
0 22 32 1 2 0 32 1.000000e+00 
0 23 32 1 1 0 32 1.000000e+00 
0 24 32 1 0 0 32 1.000000e+00 
0 0 37 1 24 0 37 1.000000e+00 
0 1 37 1 23 0 37 1.000000e+00 
0 2 37 1 22 0 37 1.000000e+00 
0 3 37 1 21 0 37 1.000000e+00 
0 4 37 1 20 0 37 1.000000e+00 
0 5 37 1 19 0 37 1.000000e+00 
0 6 37 1 18 0 37 1.000000e+00 
0 7 37 1 17 0 37 1.000000e+00 
0 8 37 1 16 0 37 1.000000e+00 
0 9 37 1 15 0 37 1.000000e+00 
0 10 37 1 14 0 37 1.000000e+00 
0 11 37 1 13 0 37 1.000000e+00 
0 12 37 1 12 0 37 1.000000e+00 
0 13 37 1 11 0 37 1.000000e+00 
0 14 37 1 10 0 37 1.000000e+00 
0 15 37 1 9 0 37 1.000000e+00 
0 16 37 1 8 0 37 1.000000e+00 
0 17 37 1 7 0 37 1.000000e+00 
0 18 37 1 6 0 37 1.000000e+00 
0 19 37 1 5 0 37 1.000000e+00 
0 20 37 1 4 0 37 1.000000e+00 
0 21 37 1 3 0 37 1.000000e+00 
0 22 37 1 2 0 37 1.000000e+00 
0 23 37 1 1 0 37 1.000000e+00 
0 24 37 1 0 0 37 1.000000e+00 
0 0 38 1 24 0 38 1.000000e+00 
0 1 38 1 23 0 38 1.000000e+00 
0 2 38 1 22 0 38 1.000000e+00 
0 3 38 1 21 0 38 1.000000e+00 
0 4 38 1 20 0 38 1.000000e+00 
0 5 38 1 19 0 38 1.000000e+00 
0 6 38 1 18 0 38 1.000000e+00 
0 7 38 1 17 0 38 1.000000e+00 
0 8 38 1 16 0 38 1.000000e+00 
0 9 38 1 15 0 38 1.000000e+00 
0 10 38 1 14 0 38 1.000000e+00 
0 11 38 1 13 0 38 1.000000e+00 
0 12 38 1 12 0 38 1.000000e+00 
0 13 38 1 11 0 38 1.000000e+00 
0 14 38 1 10 0 38 1.000000e+00 
0 15 38 1 9 0 38 1.000000e+00 
0 16 38 1 8 0 38 1.000000e+00 
0 17 38 1 7 0 38 1.000000e+00 
0 18 38 1 6 0 38 1.000000e+00 
0 19 38 1 5 0 38 1.000000e+00 
0 20 38 1 4 0 38 1.000000e+00 
0 21 38 1 3 0 38 1.000000e+00 
0 22 38 1 2 0 38 1.000000e+00 
0 23 38 1 1 0 38 1.000000e+00 
0 24 38 1 0 0 38 1.000000e+00 
0 0 39 1 24 0 39 1.000000e+00 
0 1 39 1 23 0 39 1.000000e+00 
0 2 39 1 22 0 39 1.000000e+00 
0 3 39 1 21 0 39 1.000000e+00 
0 4 39 1 20 0 39 1.000000e+00 
0 5 39 1 19 0 39 1.000000e+00 
0 6 39 1 18 0 39 1.000000e+00 
0 7 39 1 17 0 39 1.000000e+00 
0 8 39 1 16 0 39 1.000000e+00 
0 9 39 1 15 0 39 1.000000e+00 
0 10 39 1 14 0 39 1.000000e+00 
0 11 39 1 13 0 39 1.000000e+00 
0 12 39 1 12 0 39 1.000000e+00 
0 13 39 1 11 0 39 1.000000e+00 
0 14 39 1 10 0 39 1.000000e+00 
0 15 39 1 9 0 39 1.000000e+00 
0 16 39 1 8 0 39 1.000000e+00 
0 17 39 1 7 0 39 1.000000e+00 
0 18 39 1 6 0 39 1.000000e+00 
0 19 39 1 5 0 39 1.000000e+00 
0 20 39 1 4 0 39 1.000000e+00 
0 21 39 1 3 0 39 1.000000e+00 
0 22 39 1 2 0 39 1.000000e+00 
0 23 39 1 1 0 39 1.000000e+00 
0 24 39 1 0 0 39 1.000000e+00 
0 0 40 1 24 0 40 1.000000e+00 
0 1 40 1 23 0 40 1.000000e+00 
0 2 40 1 22 0 40 1.000000e+00 
0 3 40 1 21 0 40 1.000000e+00 
0 4 40 1 20 0 40 1.000000e+00 
0 5 40 1 19 0 40 1.000000e+00 
0 6 40 1 18 0 40 1.000000e+00 
0 7 40 1 17 0 40 1.000000e+00 
0 8 40 1 16 0 40 1.000000e+00 
0 9 40 1 15 0 40 1.000000e+00 
0 10 40 1 14 0 40 1.000000e+00 
0 11 40 1 13 0 40 1.000000e+00 
0 12 40 1 12 0 40 1.000000e+00 
0 13 40 1 11 0 40 1.000000e+00 
0 14 40 1 10 0 40 1.000000e+00 
0 15 40 1 9 0 40 1.000000e+00 
0 16 40 1 8 0 40 1.000000e+00 
0 17 40 1 7 0 40 1.000000e+00 
0 18 40 1 6 0 40 1.000000e+00 
0 19 40 1 5 0 40 1.000000e+00 
0 20 40 1 4 0 40 1.000000e+00 
0 21 40 1 3 0 40 1.000000e+00 
0 22 40 1 2 0 40 1.000000e+00 
0 23 40 1 1 0 40 1.000000e+00 
0 24 40 1 0 0 40 1.000000e+00 
0 0 0 1 24 0 0 1.000000e+00 
0 1 0 1 23 0 0 1.000000e+00 
0 2 0 1 22 0 0 1.000000e+00 
0 3 0 1 21 0 0 1.000000e+00 
0 4 0 1 20 0 0 1.000000e+00 
0 5 0 1 19 0 0 1.000000e+00 
0 6 0 1 18 0 0 1.000000e+00 
0 7 0 1 17 0 0 1.000000e+00 
0 8 0 1 16 0 0 1.000000e+00 
0 9 0 1 15 0 0 1.000000e+00 
0 10 0 1 14 0 0 1.000000e+00 
0 11 0 1 13 0 0 1.000000e+00 
0 12 0 1 12 0 0 1.000000e+00 
0 13 0 1 11 0 0 1.000000e+00 
0 14 0 1 10 0 0 1.000000e+00 
0 15 0 1 9 0 0 1.000000e+00 
0 16 0 1 8 0 0 1.000000e+00 
0 17 0 1 7 0 0 1.000000e+00 
0 18 0 1 6 0 0 1.000000e+00 
0 19 0 1 5 0 0 1.000000e+00 
0 20 0 1 4 0 0 1.000000e+00 
0 21 0 1 3 0 0 1.000000e+00 
0 22 0 1 2 0 0 1.000000e+00 
0 23 0 1 1 0 0 1.000000e+00 
0 24 0 1 0 0 0 1.000000e+00 
0 0 1 1 24 0 1 1.000000e+00 
0 1 1 1 23 0 1 1.000000e+00 
0 2 1 1 22 0 1 1.000000e+00 
0 3 1 1 21 0 1 1.000000e+00 
0 4 1 1 20 0 1 1.000000e+00 
0 5 1 1 19 0 1 1.000000e+00 
0 6 1 1 18 0 1 1.000000e+00 
0 7 1 1 17 0 1 1.000000e+00 
0 8 1 1 16 0 1 1.000000e+00 
0 9 1 1 15 0 1 1.000000e+00 
0 10 1 1 14 0 1 1.000000e+00 
0 11 1 1 13 0 1 1.000000e+00 
0 12 1 1 12 0 1 1.000000e+00 
0 13 1 1 11 0 1 1.000000e+00 
0 14 1 1 10 0 1 1.000000e+00 
0 15 1 1 9 0 1 1.000000e+00 
0 16 1 1 8 0 1 1.000000e+00 
0 17 1 1 7 0 1 1.000000e+00 
0 18 1 1 6 0 1 1.000000e+00 
0 19 1 1 5 0 1 1.000000e+00 
0 20 1 1 4 0 1 1.000000e+00 
0 21 1 1 3 0 1 1.000000e+00 
0 22 1 1 2 0 1 1.000000e+00 
0 23 1 1 1 0 1 1.000000e+00 
0 24 1 1 0 0 1 1.000000e+00 
0 0 2 1 24 0 2 1.000000e+00 
0 1 2 1 23 0 2 1.000000e+00 
0 2 2 1 22 0 2 1.000000e+00 
0 3 2 1 21 0 2 1.000000e+00 
0 4 2 1 20 0 2 1.000000e+00 
0 5 2 1 19 0 2 1.000000e+00 
0 6 2 1 18 0 2 1.000000e+00 
0 7 2 1 17 0 2 1.000000e+00 
0 8 2 1 16 0 2 1.000000e+00 
0 9 2 1 15 0 2 1.000000e+00 
0 10 2 1 14 0 2 1.000000e+00 
0 11 2 1 13 0 2 1.000000e+00 
0 12 2 1 12 0 2 1.000000e+00 
0 13 2 1 11 0 2 1.000000e+00 
0 14 2 1 10 0 2 1.000000e+00 
0 15 2 1 9 0 2 1.000000e+00 
0 16 2 1 8 0 2 1.000000e+00 
0 17 2 1 7 0 2 1.000000e+00 
0 18 2 1 6 0 2 1.000000e+00 
0 19 2 1 5 0 2 1.000000e+00 
0 20 2 1 4 0 2 1.000000e+00 
0 21 2 1 3 0 2 1.000000e+00 
0 22 2 1 2 0 2 1.000000e+00 
0 23 2 1 1 0 2 1.000000e+00 
0 24 2 1 0 0 2 1.000000e+00 
0 0 13 1 24 0 13 1.000000e+00 
0 1 13 1 23 0 13 1.000000e+00 
0 2 13 1 22 0 13 1.000000e+00 
0 3 13 1 21 0 13 1.000000e+00 
0 4 13 1 20 0 13 1.000000e+00 
0 5 13 1 19 0 13 1.000000e+00 
0 6 13 1 18 0 13 1.000000e+00 
0 7 13 1 17 0 13 1.000000e+00 
0 8 13 1 16 0 13 1.000000e+00 
0 9 13 1 15 0 13 1.000000e+00 
0 10 13 1 14 0 13 1.000000e+00 
0 11 13 1 13 0 13 1.000000e+00 
0 12 13 1 12 0 13 1.000000e+00 
0 13 13 1 11 0 13 1.000000e+00 
0 14 13 1 10 0 13 1.000000e+00 
0 15 13 1 9 0 13 1.000000e+00 
0 16 13 1 8 0 13 1.000000e+00 
0 17 13 1 7 0 13 1.000000e+00 
0 18 13 1 6 0 13 1.000000e+00 
0 19 13 1 5 0 13 1.000000e+00 
0 20 13 1 4 0 13 1.000000e+00 
0 21 13 1 3 0 13 1.000000e+00 
0 22 13 1 2 0 13 1.000000e+00 
0 23 13 1 1 0 13 1.000000e+00 
0 24 13 1 0 0 13 1.000000e+00 
0 0 14 1 24 0 14 1.000000e+00 
0 1 14 1 23 0 14 1.000000e+00 
0 2 14 1 22 0 14 1.000000e+00 
0 3 14 1 21 0 14 1.000000e+00 
0 4 14 1 20 0 14 1.000000e+00 
0 5 14 1 19 0 14 1.000000e+00 
0 6 14 1 18 0 14 1.000000e+00 
0 7 14 1 17 0 14 1.000000e+00 
0 8 14 1 16 0 14 1.000000e+00 
0 9 14 1 15 0 14 1.000000e+00 
0 10 14 1 14 0 14 1.000000e+00 
0 11 14 1 13 0 14 1.000000e+00 
0 12 14 1 12 0 14 1.000000e+00 
0 13 14 1 11 0 14 1.000000e+00 
0 14 14 1 10 0 14 1.000000e+00 
0 15 14 1 9 0 14 1.000000e+00 
0 16 14 1 8 0 14 1.000000e+00 
0 17 14 1 7 0 14 1.000000e+00 
0 18 14 1 6 0 14 1.000000e+00 
0 19 14 1 5 0 14 1.000000e+00 
0 20 14 1 4 0 14 1.000000e+00 
0 21 14 1 3 0 14 1.000000e+00 
0 22 14 1 2 0 14 1.000000e+00 
0 23 14 1 1 0 14 1.000000e+00 
0 24 14 1 0 0 14 1.000000e+00 
0 0 15 1 24 0 15 1.000000e+00 
0 1 15 1 23 0 15 1.000000e+00 
0 2 15 1 22 0 15 1.000000e+00 
0 3 15 1 21 0 15 1.000000e+00 
0 4 15 1 20 0 15 1.000000e+00 
0 5 15 1 19 0 15 1.000000e+00 
0 6 15 1 18 0 15 1.000000e+00 
0 7 15 1 17 0 15 1.000000e+00 
0 8 15 1 16 0 15 1.000000e+00 
0 9 15 1 15 0 15 1.000000e+00 
0 10 15 1 14 0 15 1.000000e+00 
0 11 15 1 13 0 15 1.000000e+00 
0 12 15 1 12 0 15 1.000000e+00 
0 13 15 1 11 0 15 1.000000e+00 
0 14 15 1 10 0 15 1.000000e+00 
0 15 15 1 9 0 15 1.000000e+00 
0 16 15 1 8 0 15 1.000000e+00 
0 17 15 1 7 0 15 1.000000e+00 
0 18 15 1 6 0 15 1.000000e+00 
0 19 15 1 5 0 15 1.000000e+00 
0 20 15 1 4 0 15 1.000000e+00 
0 21 15 1 3 0 15 1.000000e+00 
0 22 15 1 2 0 15 1.000000e+00 
0 23 15 1 1 0 15 1.000000e+00 
0 24 15 1 0 0 15 1.000000e+00 
0 0 16 1 24 0 16 1.000000e+00 
0 1 16 1 23 0 16 1.000000e+00 
0 2 16 1 22 0 16 1.000000e+00 
0 3 16 1 21 0 16 1.000000e+00 
0 4 16 1 20 0 16 1.000000e+00 
0 5 16 1 19 0 16 1.000000e+00 
0 6 16 1 18 0 16 1.000000e+00 
0 7 16 1 17 0 16 1.000000e+00 
0 8 16 1 16 0 16 1.000000e+00 
0 9 16 1 15 0 16 1.000000e+00 
0 10 16 1 14 0 16 1.000000e+00 
0 11 16 1 13 0 16 1.000000e+00 
0 12 16 1 12 0 16 1.000000e+00 
0 13 16 1 11 0 16 1.000000e+00 
0 14 16 1 10 0 16 1.000000e+00 
0 15 16 1 9 0 16 1.000000e+00 
0 16 16 1 8 0 16 1.000000e+00 
0 17 16 1 7 0 16 1.000000e+00 
0 18 16 1 6 0 16 1.000000e+00 
0 19 16 1 5 0 16 1.000000e+00 
0 20 16 1 4 0 16 1.000000e+00 
0 21 16 1 3 0 16 1.000000e+00 
0 22 16 1 2 0 16 1.000000e+00 
0 23 16 1 1 0 16 1.000000e+00 
0 24 16 1 0 0 16 1.000000e+00 
0 0 17 1 24 0 17 1.000000e+00 
0 1 17 1 23 0 17 1.000000e+00 
0 2 17 1 22 0 17 1.000000e+00 
0 3 17 1 21 0 17 1.000000e+00 
0 4 17 1 20 0 17 1.000000e+00 
0 5 17 1 19 0 17 1.000000e+00 
0 6 17 1 18 0 17 1.000000e+00 
0 7 17 1 17 0 17 1.000000e+00 
0 8 17 1 16 0 17 1.000000e+00 
0 9 17 1 15 0 17 1.000000e+00 
0 10 17 1 14 0 17 1.000000e+00 
0 11 17 1 13 0 17 1.000000e+00 
0 12 17 1 12 0 17 1.000000e+00 
0 13 17 1 11 0 17 1.000000e+00 
0 14 17 1 10 0 17 1.000000e+00 
0 15 17 1 9 0 17 1.000000e+00 
0 16 17 1 8 0 17 1.000000e+00 
0 17 17 1 7 0 17 1.000000e+00 
0 18 17 1 6 0 17 1.000000e+00 
0 19 17 1 5 0 17 1.000000e+00 
0 20 17 1 4 0 17 1.000000e+00 
0 21 17 1 3 0 17 1.000000e+00 
0 22 17 1 2 0 17 1.000000e+00 
0 23 17 1 1 0 17 1.000000e+00 
0 24 17 1 0 0 17 1.000000e+00 
0 0 18 1 24 0 18 1.000000e+00 
0 1 18 1 23 0 18 1.000000e+00 
0 2 18 1 22 0 18 1.000000e+00 
0 3 18 1 21 0 18 1.000000e+00 
0 4 18 1 20 0 18 1.000000e+00 
0 5 18 1 19 0 18 1.000000e+00 
0 6 18 1 18 0 18 1.000000e+00 
0 7 18 1 17 0 18 1.000000e+00 
0 8 18 1 16 0 18 1.000000e+00 
0 9 18 1 15 0 18 1.000000e+00 
0 10 18 1 14 0 18 1.000000e+00 
0 11 18 1 13 0 18 1.000000e+00 
0 12 18 1 12 0 18 1.000000e+00 
0 13 18 1 11 0 18 1.000000e+00 
0 14 18 1 10 0 18 1.000000e+00 
0 15 18 1 9 0 18 1.000000e+00 
0 16 18 1 8 0 18 1.000000e+00 
0 17 18 1 7 0 18 1.000000e+00 
0 18 18 1 6 0 18 1.000000e+00 
0 19 18 1 5 0 18 1.000000e+00 
0 20 18 1 4 0 18 1.000000e+00 
0 21 18 1 3 0 18 1.000000e+00 
0 22 18 1 2 0 18 1.000000e+00 
0 23 18 1 1 0 18 1.000000e+00 
0 24 18 1 0 0 18 1.000000e+00 
0 0 19 1 24 0 19 1.000000e+00 
0 1 19 1 23 0 19 1.000000e+00 
0 2 19 1 22 0 19 1.000000e+00 
0 3 19 1 21 0 19 1.000000e+00 
0 4 19 1 20 0 19 1.000000e+00 
0 5 19 1 19 0 19 1.000000e+00 
0 6 19 1 18 0 19 1.000000e+00 
0 7 19 1 17 0 19 1.000000e+00 
0 8 19 1 16 0 19 1.000000e+00 
0 9 19 1 15 0 19 1.000000e+00 
0 10 19 1 14 0 19 1.000000e+00 
0 11 19 1 13 0 19 1.000000e+00 
0 12 19 1 12 0 19 1.000000e+00 
0 13 19 1 11 0 19 1.000000e+00 
0 14 19 1 10 0 19 1.000000e+00 
0 15 19 1 9 0 19 1.000000e+00 
0 16 19 1 8 0 19 1.000000e+00 
0 17 19 1 7 0 19 1.000000e+00 
0 18 19 1 6 0 19 1.000000e+00 
0 19 19 1 5 0 19 1.000000e+00 
0 20 19 1 4 0 19 1.000000e+00 
0 21 19 1 3 0 19 1.000000e+00 
0 22 19 1 2 0 19 1.000000e+00 
0 23 19 1 1 0 19 1.000000e+00 
0 24 19 1 0 0 19 1.000000e+00 
0 0 20 1 24 0 20 1.000000e+00 
0 1 20 1 23 0 20 1.000000e+00 
0 2 20 1 22 0 20 1.000000e+00 
0 3 20 1 21 0 20 1.000000e+00 
0 4 20 1 20 0 20 1.000000e+00 
0 5 20 1 19 0 20 1.000000e+00 
0 6 20 1 18 0 20 1.000000e+00 
0 7 20 1 17 0 20 1.000000e+00 
0 8 20 1 16 0 20 1.000000e+00 
0 9 20 1 15 0 20 1.000000e+00 
0 10 20 1 14 0 20 1.000000e+00 
0 11 20 1 13 0 20 1.000000e+00 
0 12 20 1 12 0 20 1.000000e+00 
0 13 20 1 11 0 20 1.000000e+00 
0 14 20 1 10 0 20 1.000000e+00 
0 15 20 1 9 0 20 1.000000e+00 
0 16 20 1 8 0 20 1.000000e+00 
0 17 20 1 7 0 20 1.000000e+00 
0 18 20 1 6 0 20 1.000000e+00 
0 19 20 1 5 0 20 1.000000e+00 
0 20 20 1 4 0 20 1.000000e+00 
0 21 20 1 3 0 20 1.000000e+00 
0 22 20 1 2 0 20 1.000000e+00 
0 23 20 1 1 0 20 1.000000e+00 
0 24 20 1 0 0 20 1.000000e+00 
0 0 21 1 24 0 21 1.000000e+00 
0 1 21 1 23 0 21 1.000000e+00 
0 2 21 1 22 0 21 1.000000e+00 
0 3 21 1 21 0 21 1.000000e+00 
0 4 21 1 20 0 21 1.000000e+00 
0 5 21 1 19 0 21 1.000000e+00 
0 6 21 1 18 0 21 1.000000e+00 
0 7 21 1 17 0 21 1.000000e+00 
0 8 21 1 16 0 21 1.000000e+00 
0 9 21 1 15 0 21 1.000000e+00 
0 10 21 1 14 0 21 1.000000e+00 
0 11 21 1 13 0 21 1.000000e+00 
0 12 21 1 12 0 21 1.000000e+00 
0 13 21 1 11 0 21 1.000000e+00 
0 14 21 1 10 0 21 1.000000e+00 
0 15 21 1 9 0 21 1.000000e+00 
0 16 21 1 8 0 21 1.000000e+00 
0 17 21 1 7 0 21 1.000000e+00 
0 18 21 1 6 0 21 1.000000e+00 
0 19 21 1 5 0 21 1.000000e+00 
0 20 21 1 4 0 21 1.000000e+00 
0 21 21 1 3 0 21 1.000000e+00 
0 22 21 1 2 0 21 1.000000e+00 
0 23 21 1 1 0 21 1.000000e+00 
0 24 21 1 0 0 21 1.000000e+00 
0 0 22 1 24 0 22 1.000000e+00 
0 1 22 1 23 0 22 1.000000e+00 
0 2 22 1 22 0 22 1.000000e+00 
0 3 22 1 21 0 22 1.000000e+00 
0 4 22 1 20 0 22 1.000000e+00 
0 5 22 1 19 0 22 1.000000e+00 
0 6 22 1 18 0 22 1.000000e+00 
0 7 22 1 17 0 22 1.000000e+00 
0 8 22 1 16 0 22 1.000000e+00 
0 9 22 1 15 0 22 1.000000e+00 
0 10 22 1 14 0 22 1.000000e+00 
0 11 22 1 13 0 22 1.000000e+00 
0 12 22 1 12 0 22 1.000000e+00 
0 13 22 1 11 0 22 1.000000e+00 
0 14 22 1 10 0 22 1.000000e+00 
0 15 22 1 9 0 22 1.000000e+00 
0 16 22 1 8 0 22 1.000000e+00 
0 17 22 1 7 0 22 1.000000e+00 
0 18 22 1 6 0 22 1.000000e+00 
0 19 22 1 5 0 22 1.000000e+00 
0 20 22 1 4 0 22 1.000000e+00 
0 21 22 1 3 0 22 1.000000e+00 
0 22 22 1 2 0 22 1.000000e+00 
0 23 22 1 1 0 22 1.000000e+00 
0 24 22 1 0 0 22 1.000000e+00 
0 0 45 1 24 0 45 1.000000e+00 
0 1 45 1 23 0 45 1.000000e+00 
0 2 45 1 22 0 45 1.000000e+00 
0 3 45 1 21 0 45 1.000000e+00 
0 4 45 1 20 0 45 1.000000e+00 
0 5 45 1 19 0 45 1.000000e+00 
0 6 45 1 18 0 45 1.000000e+00 
0 7 45 1 17 0 45 1.000000e+00 
0 8 45 1 16 0 45 1.000000e+00 
0 9 45 1 15 0 45 1.000000e+00 
0 10 45 1 14 0 45 1.000000e+00 
0 11 45 1 13 0 45 1.000000e+00 
0 12 45 1 12 0 45 1.000000e+00 
0 13 45 1 11 0 45 1.000000e+00 
0 14 45 1 10 0 45 1.000000e+00 
0 15 45 1 9 0 45 1.000000e+00 
0 16 45 1 8 0 45 1.000000e+00 
0 17 45 1 7 0 45 1.000000e+00 
0 18 45 1 6 0 45 1.000000e+00 
0 19 45 1 5 0 45 1.000000e+00 
0 20 45 1 4 0 45 1.000000e+00 
0 21 45 1 3 0 45 1.000000e+00 
0 22 45 1 2 0 45 1.000000e+00 
0 23 45 1 1 0 45 1.000000e+00 
0 24 45 1 0 0 45 1.000000e+00 
0 0 46 1 24 0 46 1.000000e+00 
0 1 46 1 23 0 46 1.000000e+00 
0 2 46 1 22 0 46 1.000000e+00 
0 3 46 1 21 0 46 1.000000e+00 
0 4 46 1 20 0 46 1.000000e+00 
0 5 46 1 19 0 46 1.000000e+00 
0 6 46 1 18 0 46 1.000000e+00 
0 7 46 1 17 0 46 1.000000e+00 
0 8 46 1 16 0 46 1.000000e+00 
0 9 46 1 15 0 46 1.000000e+00 
0 10 46 1 14 0 46 1.000000e+00 
0 11 46 1 13 0 46 1.000000e+00 
0 12 46 1 12 0 46 1.000000e+00 
0 13 46 1 11 0 46 1.000000e+00 
0 14 46 1 10 0 46 1.000000e+00 
0 15 46 1 9 0 46 1.000000e+00 
0 16 46 1 8 0 46 1.000000e+00 
0 17 46 1 7 0 46 1.000000e+00 
0 18 46 1 6 0 46 1.000000e+00 
0 19 46 1 5 0 46 1.000000e+00 
0 20 46 1 4 0 46 1.000000e+00 
0 21 46 1 3 0 46 1.000000e+00 
0 22 46 1 2 0 46 1.000000e+00 
0 23 46 1 1 0 46 1.000000e+00 
0 24 46 1 0 0 46 1.000000e+00 
0 0 47 1 24 0 47 1.000000e+00 
0 1 47 1 23 0 47 1.000000e+00 
0 2 47 1 22 0 47 1.000000e+00 
0 3 47 1 21 0 47 1.000000e+00 
0 4 47 1 20 0 47 1.000000e+00 
0 5 47 1 19 0 47 1.000000e+00 
0 6 47 1 18 0 47 1.000000e+00 
0 7 47 1 17 0 47 1.000000e+00 
0 8 47 1 16 0 47 1.000000e+00 
0 9 47 1 15 0 47 1.000000e+00 
0 10 47 1 14 0 47 1.000000e+00 
0 11 47 1 13 0 47 1.000000e+00 
0 12 47 1 12 0 47 1.000000e+00 
0 13 47 1 11 0 47 1.000000e+00 
0 14 47 1 10 0 47 1.000000e+00 
0 15 47 1 9 0 47 1.000000e+00 
0 16 47 1 8 0 47 1.000000e+00 
0 17 47 1 7 0 47 1.000000e+00 
0 18 47 1 6 0 47 1.000000e+00 
0 19 47 1 5 0 47 1.000000e+00 
0 20 47 1 4 0 47 1.000000e+00 
0 21 47 1 3 0 47 1.000000e+00 
0 22 47 1 2 0 47 1.000000e+00 
0 23 47 1 1 0 47 1.000000e+00 
0 24 47 1 0 0 47 1.000000e+00 
0 0 48 1 24 0 48 1.000000e+00 
0 1 48 1 23 0 48 1.000000e+00 
0 2 48 1 22 0 48 1.000000e+00 
0 3 48 1 21 0 48 1.000000e+00 
0 4 48 1 20 0 48 1.000000e+00 
0 5 48 1 19 0 48 1.000000e+00 
0 6 48 1 18 0 48 1.000000e+00 
0 7 48 1 17 0 48 1.000000e+00 
0 8 48 1 16 0 48 1.000000e+00 
0 9 48 1 15 0 48 1.000000e+00 
0 10 48 1 14 0 48 1.000000e+00 
0 11 48 1 13 0 48 1.000000e+00 
0 12 48 1 12 0 48 1.000000e+00 
0 13 48 1 11 0 48 1.000000e+00 
0 14 48 1 10 0 48 1.000000e+00 
0 15 48 1 9 0 48 1.000000e+00 
0 16 48 1 8 0 48 1.000000e+00 
0 17 48 1 7 0 48 1.000000e+00 
0 18 48 1 6 0 48 1.000000e+00 
0 19 48 1 5 0 48 1.000000e+00 
0 20 48 1 4 0 48 1.000000e+00 
0 21 48 1 3 0 48 1.000000e+00 
0 22 48 1 2 0 48 1.000000e+00 
0 23 48 1 1 0 48 1.000000e+00 
0 24 48 1 0 0 48 1.000000e+00 
0 0 41 1 24 0 41 1.000000e+00 
0 1 41 1 23 0 41 1.000000e+00 
0 2 41 1 22 0 41 1.000000e+00 
0 3 41 1 21 0 41 1.000000e+00 
0 4 41 1 20 0 41 1.000000e+00 
0 5 41 1 19 0 41 1.000000e+00 
0 6 41 1 18 0 41 1.000000e+00 
0 7 41 1 17 0 41 1.000000e+00 
0 8 41 1 16 0 41 1.000000e+00 
0 9 41 1 15 0 41 1.000000e+00 
0 10 41 1 14 0 41 1.000000e+00 
0 11 41 1 13 0 41 1.000000e+00 
0 12 41 1 12 0 41 1.000000e+00 
0 13 41 1 11 0 41 1.000000e+00 
0 14 41 1 10 0 41 1.000000e+00 
0 15 41 1 9 0 41 1.000000e+00 
0 16 41 1 8 0 41 1.000000e+00 
0 17 41 1 7 0 41 1.000000e+00 
0 18 41 1 6 0 41 1.000000e+00 
0 19 41 1 5 0 41 1.000000e+00 
0 20 41 1 4 0 41 1.000000e+00 
0 21 41 1 3 0 41 1.000000e+00 
0 22 41 1 2 0 41 1.000000e+00 
0 23 41 1 1 0 41 1.000000e+00 
0 24 41 1 0 0 41 1.000000e+00 
0 0 42 1 24 0 42 1.000000e+00 
0 1 42 1 23 0 42 1.000000e+00 
0 2 42 1 22 0 42 1.000000e+00 
0 3 42 1 21 0 42 1.000000e+00 
0 4 42 1 20 0 42 1.000000e+00 
0 5 42 1 19 0 42 1.000000e+00 
0 6 42 1 18 0 42 1.000000e+00 
0 7 42 1 17 0 42 1.000000e+00 
0 8 42 1 16 0 42 1.000000e+00 
0 9 42 1 15 0 42 1.000000e+00 
0 10 42 1 14 0 42 1.000000e+00 
0 11 42 1 13 0 42 1.000000e+00 
0 12 42 1 12 0 42 1.000000e+00 
0 13 42 1 11 0 42 1.000000e+00 
0 14 42 1 10 0 42 1.000000e+00 
0 15 42 1 9 0 42 1.000000e+00 
0 16 42 1 8 0 42 1.000000e+00 
0 17 42 1 7 0 42 1.000000e+00 
0 18 42 1 6 0 42 1.000000e+00 
0 19 42 1 5 0 42 1.000000e+00 
0 20 42 1 4 0 42 1.000000e+00 
0 21 42 1 3 0 42 1.000000e+00 
0 22 42 1 2 0 42 1.000000e+00 
0 23 42 1 1 0 42 1.000000e+00 
0 24 42 1 0 0 42 1.000000e+00 
0 0 43 1 24 0 43 1.000000e+00 
0 1 43 1 23 0 43 1.000000e+00 
0 2 43 1 22 0 43 1.000000e+00 
0 3 43 1 21 0 43 1.000000e+00 
0 4 43 1 20 0 43 1.000000e+00 
0 5 43 1 19 0 43 1.000000e+00 
0 6 43 1 18 0 43 1.000000e+00 
0 7 43 1 17 0 43 1.000000e+00 
0 8 43 1 16 0 43 1.000000e+00 
0 9 43 1 15 0 43 1.000000e+00 
0 10 43 1 14 0 43 1.000000e+00 
0 11 43 1 13 0 43 1.000000e+00 
0 12 43 1 12 0 43 1.000000e+00 
0 13 43 1 11 0 43 1.000000e+00 
0 14 43 1 10 0 43 1.000000e+00 
0 15 43 1 9 0 43 1.000000e+00 
0 16 43 1 8 0 43 1.000000e+00 
0 17 43 1 7 0 43 1.000000e+00 
0 18 43 1 6 0 43 1.000000e+00 
0 19 43 1 5 0 43 1.000000e+00 
0 20 43 1 4 0 43 1.000000e+00 
0 21 43 1 3 0 43 1.000000e+00 
0 22 43 1 2 0 43 1.000000e+00 
0 23 43 1 1 0 43 1.000000e+00 
0 24 43 1 0 0 43 1.000000e+00 
0 0 44 1 24 0 44 1.000000e+00 
0 1 44 1 23 0 44 1.000000e+00 
0 2 44 1 22 0 44 1.000000e+00 
0 3 44 1 21 0 44 1.000000e+00 
0 4 44 1 20 0 44 1.000000e+00 
0 5 44 1 19 0 44 1.000000e+00 
0 6 44 1 18 0 44 1.000000e+00 
0 7 44 1 17 0 44 1.000000e+00 
0 8 44 1 16 0 44 1.000000e+00 
0 9 44 1 15 0 44 1.000000e+00 
0 10 44 1 14 0 44 1.000000e+00 
0 11 44 1 13 0 44 1.000000e+00 
0 12 44 1 12 0 44 1.000000e+00 
0 13 44 1 11 0 44 1.000000e+00 
0 14 44 1 10 0 44 1.000000e+00 
0 15 44 1 9 0 44 1.000000e+00 
0 16 44 1 8 0 44 1.000000e+00 
0 17 44 1 7 0 44 1.000000e+00 
0 18 44 1 6 0 44 1.000000e+00 
0 19 44 1 5 0 44 1.000000e+00 
0 20 44 1 4 0 44 1.000000e+00 
0 21 44 1 3 0 44 1.000000e+00 
0 22 44 1 2 0 44 1.000000e+00 
0 23 44 1 1 0 44 1.000000e+00 
0 24 44 1 0 0 44 1.000000e+00 
0 0 23 1 24 0 23 1.000000e+00 
0 1 23 1 23 0 23 1.000000e+00 
0 2 23 1 22 0 23 1.000000e+00 
0 3 23 1 21 0 23 1.000000e+00 
0 4 23 1 20 0 23 1.000000e+00 
0 5 23 1 19 0 23 1.000000e+00 
0 6 23 1 18 0 23 1.000000e+00 
0 7 23 1 17 0 23 1.000000e+00 
0 8 23 1 16 0 23 1.000000e+00 
0 9 23 1 15 0 23 1.000000e+00 
0 10 23 1 14 0 23 1.000000e+00 
0 11 23 1 13 0 23 1.000000e+00 
0 12 23 1 12 0 23 1.000000e+00 
0 13 23 1 11 0 23 1.000000e+00 
0 14 23 1 10 0 23 1.000000e+00 
0 15 23 1 9 0 23 1.000000e+00 
0 16 23 1 8 0 23 1.000000e+00 
0 17 23 1 7 0 23 1.000000e+00 
0 18 23 1 6 0 23 1.000000e+00 
0 19 23 1 5 0 23 1.000000e+00 
0 20 23 1 4 0 23 1.000000e+00 
0 21 23 1 3 0 23 1.000000e+00 
0 22 23 1 2 0 23 1.000000e+00 
0 23 23 1 1 0 23 1.000000e+00 
0 24 23 1 0 0 23 1.000000e+00 
0 0 24 1 24 0 24 1.000000e+00 
0 1 24 1 23 0 24 1.000000e+00 
0 2 24 1 22 0 24 1.000000e+00 
0 3 24 1 21 0 24 1.000000e+00 
0 4 24 1 20 0 24 1.000000e+00 
0 5 24 1 19 0 24 1.000000e+00 
0 6 24 1 18 0 24 1.000000e+00 
0 7 24 1 17 0 24 1.000000e+00 
0 8 24 1 16 0 24 1.000000e+00 
0 9 24 1 15 0 24 1.000000e+00 
0 10 24 1 14 0 24 1.000000e+00 
0 11 24 1 13 0 24 1.000000e+00 
0 12 24 1 12 0 24 1.000000e+00 
0 13 24 1 11 0 24 1.000000e+00 
0 14 24 1 10 0 24 1.000000e+00 
0 15 24 1 9 0 24 1.000000e+00 
0 16 24 1 8 0 24 1.000000e+00 
0 17 24 1 7 0 24 1.000000e+00 
0 18 24 1 6 0 24 1.000000e+00 
0 19 24 1 5 0 24 1.000000e+00 
0 20 24 1 4 0 24 1.000000e+00 
0 21 24 1 3 0 24 1.000000e+00 
0 22 24 1 2 0 24 1.000000e+00 
0 23 24 1 1 0 24 1.000000e+00 
0 24 24 1 0 0 24 1.000000e+00 
0 0 25 1 24 0 25 1.000000e+00 
0 1 25 1 23 0 25 1.000000e+00 
0 2 25 1 22 0 25 1.000000e+00 
0 3 25 1 21 0 25 1.000000e+00 
0 4 25 1 20 0 25 1.000000e+00 
0 5 25 1 19 0 25 1.000000e+00 
0 6 25 1 18 0 25 1.000000e+00 
0 7 25 1 17 0 25 1.000000e+00 
0 8 25 1 16 0 25 1.000000e+00 
0 9 25 1 15 0 25 1.000000e+00 
0 10 25 1 14 0 25 1.000000e+00 
0 11 25 1 13 0 25 1.000000e+00 
0 12 25 1 12 0 25 1.000000e+00 
0 13 25 1 11 0 25 1.000000e+00 
0 14 25 1 10 0 25 1.000000e+00 
0 15 25 1 9 0 25 1.000000e+00 
0 16 25 1 8 0 25 1.000000e+00 
0 17 25 1 7 0 25 1.000000e+00 
0 18 25 1 6 0 25 1.000000e+00 
0 19 25 1 5 0 25 1.000000e+00 
0 20 25 1 4 0 25 1.000000e+00 
0 21 25 1 3 0 25 1.000000e+00 
0 22 25 1 2 0 25 1.000000e+00 
0 23 25 1 1 0 25 1.000000e+00 
0 24 25 1 0 0 25 1.000000e+00 
0 0 26 1 24 0 26 1.000000e+00 
0 1 26 1 23 0 26 1.000000e+00 
0 2 26 1 22 0 26 1.000000e+00 
0 3 26 1 21 0 26 1.000000e+00 
0 4 26 1 20 0 26 1.000000e+00 
0 5 26 1 19 0 26 1.000000e+00 
0 6 26 1 18 0 26 1.000000e+00 
0 7 26 1 17 0 26 1.000000e+00 
0 8 26 1 16 0 26 1.000000e+00 
0 9 26 1 15 0 26 1.000000e+00 
0 10 26 1 14 0 26 1.000000e+00 
0 11 26 1 13 0 26 1.000000e+00 
0 12 26 1 12 0 26 1.000000e+00 
0 13 26 1 11 0 26 1.000000e+00 
0 14 26 1 10 0 26 1.000000e+00 
0 15 26 1 9 0 26 1.000000e+00 
0 16 26 1 8 0 26 1.000000e+00 
0 17 26 1 7 0 26 1.000000e+00 
0 18 26 1 6 0 26 1.000000e+00 
0 19 26 1 5 0 26 1.000000e+00 
0 20 26 1 4 0 26 1.000000e+00 
0 21 26 1 3 0 26 1.000000e+00 
0 22 26 1 2 0 26 1.000000e+00 
0 23 26 1 1 0 26 1.000000e+00 
0 24 26 1 0 0 26 1.000000e+00 
0 0 27 1 24 0 27 1.000000e+00 
0 1 27 1 23 0 27 1.000000e+00 
0 2 27 1 22 0 27 1.000000e+00 
0 3 27 1 21 0 27 1.000000e+00 
0 4 27 1 20 0 27 1.000000e+00 
0 5 27 1 19 0 27 1.000000e+00 
0 6 27 1 18 0 27 1.000000e+00 
0 7 27 1 17 0 27 1.000000e+00 
0 8 27 1 16 0 27 1.000000e+00 
0 9 27 1 15 0 27 1.000000e+00 
0 10 27 1 14 0 27 1.000000e+00 
0 11 27 1 13 0 27 1.000000e+00 
0 12 27 1 12 0 27 1.000000e+00 
0 13 27 1 11 0 27 1.000000e+00 
0 14 27 1 10 0 27 1.000000e+00 
0 15 27 1 9 0 27 1.000000e+00 
0 16 27 1 8 0 27 1.000000e+00 
0 17 27 1 7 0 27 1.000000e+00 
0 18 27 1 6 0 27 1.000000e+00 
0 19 27 1 5 0 27 1.000000e+00 
0 20 27 1 4 0 27 1.000000e+00 
0 21 27 1 3 0 27 1.000000e+00 
0 22 27 1 2 0 27 1.000000e+00 
0 23 27 1 1 0 27 1.000000e+00 
0 24 27 1 0 0 27 1.000000e+00 
0 0 8 1 24 0 8 1.000000e+00 
0 1 8 1 23 0 8 1.000000e+00 
0 2 8 1 22 0 8 1.000000e+00 
0 3 8 1 21 0 8 1.000000e+00 
0 4 8 1 20 0 8 1.000000e+00 
0 5 8 1 19 0 8 1.000000e+00 
0 6 8 1 18 0 8 1.000000e+00 
0 7 8 1 17 0 8 1.000000e+00 
0 8 8 1 16 0 8 1.000000e+00 
0 9 8 1 15 0 8 1.000000e+00 
0 10 8 1 14 0 8 1.000000e+00 
0 11 8 1 13 0 8 1.000000e+00 
0 12 8 1 12 0 8 1.000000e+00 
0 13 8 1 11 0 8 1.000000e+00 
0 14 8 1 10 0 8 1.000000e+00 
0 15 8 1 9 0 8 1.000000e+00 
0 16 8 1 8 0 8 1.000000e+00 
0 17 8 1 7 0 8 1.000000e+00 
0 18 8 1 6 0 8 1.000000e+00 
0 19 8 1 5 0 8 1.000000e+00 
0 20 8 1 4 0 8 1.000000e+00 
0 21 8 1 3 0 8 1.000000e+00 
0 22 8 1 2 0 8 1.000000e+00 
0 23 8 1 1 0 8 1.000000e+00 
0 24 8 1 0 0 8 1.000000e+00 
0 0 9 1 24 0 9 1.000000e+00 
0 1 9 1 23 0 9 1.000000e+00 
0 2 9 1 22 0 9 1.000000e+00 
0 3 9 1 21 0 9 1.000000e+00 
0 4 9 1 20 0 9 1.000000e+00 
0 5 9 1 19 0 9 1.000000e+00 
0 6 9 1 18 0 9 1.000000e+00 
0 7 9 1 17 0 9 1.000000e+00 
0 8 9 1 16 0 9 1.000000e+00 
0 9 9 1 15 0 9 1.000000e+00 
0 10 9 1 14 0 9 1.000000e+00 
0 11 9 1 13 0 9 1.000000e+00 
0 12 9 1 12 0 9 1.000000e+00 
0 13 9 1 11 0 9 1.000000e+00 
0 14 9 1 10 0 9 1.000000e+00 
0 15 9 1 9 0 9 1.000000e+00 
0 16 9 1 8 0 9 1.000000e+00 
0 17 9 1 7 0 9 1.000000e+00 
0 18 9 1 6 0 9 1.000000e+00 
0 19 9 1 5 0 9 1.000000e+00 
0 20 9 1 4 0 9 1.000000e+00 
0 21 9 1 3 0 9 1.000000e+00 
0 22 9 1 2 0 9 1.000000e+00 
0 23 9 1 1 0 9 1.000000e+00 
0 24 9 1 0 0 9 1.000000e+00 
0 0 10 1 24 0 10 1.000000e+00 
0 1 10 1 23 0 10 1.000000e+00 
0 2 10 1 22 0 10 1.000000e+00 
0 3 10 1 21 0 10 1.000000e+00 
0 4 10 1 20 0 10 1.000000e+00 
0 5 10 1 19 0 10 1.000000e+00 
0 6 10 1 18 0 10 1.000000e+00 
0 7 10 1 17 0 10 1.000000e+00 
0 8 10 1 16 0 10 1.000000e+00 
0 9 10 1 15 0 10 1.000000e+00 
0 10 10 1 14 0 10 1.000000e+00 
0 11 10 1 13 0 10 1.000000e+00 
0 12 10 1 12 0 10 1.000000e+00 
0 13 10 1 11 0 10 1.000000e+00 
0 14 10 1 10 0 10 1.000000e+00 
0 15 10 1 9 0 10 1.000000e+00 
0 16 10 1 8 0 10 1.000000e+00 
0 17 10 1 7 0 10 1.000000e+00 
0 18 10 1 6 0 10 1.000000e+00 
0 19 10 1 5 0 10 1.000000e+00 
0 20 10 1 4 0 10 1.000000e+00 
0 21 10 1 3 0 10 1.000000e+00 
0 22 10 1 2 0 10 1.000000e+00 
0 23 10 1 1 0 10 1.000000e+00 
0 24 10 1 0 0 10 1.000000e+00 
0 0 11 1 24 0 11 1.000000e+00 
0 1 11 1 23 0 11 1.000000e+00 
0 2 11 1 22 0 11 1.000000e+00 
0 3 11 1 21 0 11 1.000000e+00 
0 4 11 1 20 0 11 1.000000e+00 
0 5 11 1 19 0 11 1.000000e+00 
0 6 11 1 18 0 11 1.000000e+00 
0 7 11 1 17 0 11 1.000000e+00 
0 8 11 1 16 0 11 1.000000e+00 
0 9 11 1 15 0 11 1.000000e+00 
0 10 11 1 14 0 11 1.000000e+00 
0 11 11 1 13 0 11 1.000000e+00 
0 12 11 1 12 0 11 1.000000e+00 
0 13 11 1 11 0 11 1.000000e+00 
0 14 11 1 10 0 11 1.000000e+00 
0 15 11 1 9 0 11 1.000000e+00 
0 16 11 1 8 0 11 1.000000e+00 
0 17 11 1 7 0 11 1.000000e+00 
0 18 11 1 6 0 11 1.000000e+00 
0 19 11 1 5 0 11 1.000000e+00 
0 20 11 1 4 0 11 1.000000e+00 
0 21 11 1 3 0 11 1.000000e+00 
0 22 11 1 2 0 11 1.000000e+00 
0 23 11 1 1 0 11 1.000000e+00 
0 24 11 1 0 0 11 1.000000e+00 
0 0 12 1 24 0 12 1.000000e+00 
0 1 12 1 23 0 12 1.000000e+00 
0 2 12 1 22 0 12 1.000000e+00 
0 3 12 1 21 0 12 1.000000e+00 
0 4 12 1 20 0 12 1.000000e+00 
0 5 12 1 19 0 12 1.000000e+00 
0 6 12 1 18 0 12 1.000000e+00 
0 7 12 1 17 0 12 1.000000e+00 
0 8 12 1 16 0 12 1.000000e+00 
0 9 12 1 15 0 12 1.000000e+00 
0 10 12 1 14 0 12 1.000000e+00 
0 11 12 1 13 0 12 1.000000e+00 
0 12 12 1 12 0 12 1.000000e+00 
0 13 12 1 11 0 12 1.000000e+00 
0 14 12 1 10 0 12 1.000000e+00 
0 15 12 1 9 0 12 1.000000e+00 
0 16 12 1 8 0 12 1.000000e+00 
0 17 12 1 7 0 12 1.000000e+00 
0 18 12 1 6 0 12 1.000000e+00 
0 19 12 1 5 0 12 1.000000e+00 
0 20 12 1 4 0 12 1.000000e+00 
0 21 12 1 3 0 12 1.000000e+00 
0 22 12 1 2 0 12 1.000000e+00 
0 23 12 1 1 0 12 1.000000e+00 
0 24 12 1 0 0 12 1.000000e+00 
0 0 49 1 24 0 49 1.000000e+00 
0 1 49 1 23 0 49 1.000000e+00 
0 2 49 1 22 0 49 1.000000e+00 
0 3 49 1 21 0 49 1.000000e+00 
0 4 49 1 20 0 49 1.000000e+00 
0 5 49 1 19 0 49 1.000000e+00 
0 6 49 1 18 0 49 1.000000e+00 
0 7 49 1 17 0 49 1.000000e+00 
0 8 49 1 16 0 49 1.000000e+00 
0 9 49 1 15 0 49 1.000000e+00 
0 10 49 1 14 0 49 1.000000e+00 
0 11 49 1 13 0 49 1.000000e+00 
0 12 49 1 12 0 49 1.000000e+00 
0 13 49 1 11 0 49 1.000000e+00 
0 14 49 1 10 0 49 1.000000e+00 
0 15 49 1 9 0 49 1.000000e+00 
0 16 49 1 8 0 49 1.000000e+00 
0 17 49 1 7 0 49 1.000000e+00 
0 18 49 1 6 0 49 1.000000e+00 
0 19 49 1 5 0 49 1.000000e+00 
0 20 49 1 4 0 49 1.000000e+00 
0 21 49 1 3 0 49 1.000000e+00 
0 22 49 1 2 0 49 1.000000e+00 
0 23 49 1 1 0 49 1.000000e+00 
0 24 49 1 0 0 49 1.000000e+00 
0 0 50 1 24 0 50 1.000000e+00 
0 1 50 1 23 0 50 1.000000e+00 
0 2 50 1 22 0 50 1.000000e+00 
0 3 50 1 21 0 50 1.000000e+00 
0 4 50 1 20 0 50 1.000000e+00 
0 5 50 1 19 0 50 1.000000e+00 
0 6 50 1 18 0 50 1.000000e+00 
0 7 50 1 17 0 50 1.000000e+00 
0 8 50 1 16 0 50 1.000000e+00 
0 9 50 1 15 0 50 1.000000e+00 
0 10 50 1 14 0 50 1.000000e+00 
0 11 50 1 13 0 50 1.000000e+00 
0 12 50 1 12 0 50 1.000000e+00 
0 13 50 1 11 0 50 1.000000e+00 
0 14 50 1 10 0 50 1.000000e+00 
0 15 50 1 9 0 50 1.000000e+00 
0 16 50 1 8 0 50 1.000000e+00 
0 17 50 1 7 0 50 1.000000e+00 
0 18 50 1 6 0 50 1.000000e+00 
0 19 50 1 5 0 50 1.000000e+00 
0 20 50 1 4 0 50 1.000000e+00 
0 21 50 1 3 0 50 1.000000e+00 
0 22 50 1 2 0 50 1.000000e+00 
0 23 50 1 1 0 50 1.000000e+00 
0 24 50 1 0 0 50 1.000000e+00 
