cylinder_right
3D
663
24 0 0 1 24 0 0 1.000000e+00 
24 1 0 1 24 1 0 1.000000e+00 
24 2 0 1 24 2 0 1.000000e+00 
24 3 0 1 24 3 0 1.000000e+00 
24 4 0 1 24 4 0 1.000000e+00 
24 5 0 1 24 5 0 1.000000e+00 
24 6 0 1 24 6 0 1.000000e+00 
24 7 0 1 24 7 0 1.000000e+00 
24 8 0 1 24 8 0 1.000000e+00 
24 9 0 1 24 9 0 1.000000e+00 
24 10 0 1 24 10 0 1.000000e+00 
24 11 0 1 24 11 0 1.000000e+00 
24 12 0 1 24 12 0 1.000000e+00 
24 0 1 1 24 0 1 1.000000e+00 
24 1 1 1 24 1 1 1.000000e+00 
24 2 1 1 24 2 1 1.000000e+00 
24 3 1 1 24 3 1 1.000000e+00 
24 4 1 1 24 4 1 1.000000e+00 
24 5 1 1 24 5 1 1.000000e+00 
24 6 1 1 24 6 1 1.000000e+00 
24 7 1 1 24 7 1 1.000000e+00 
24 8 1 1 24 8 1 1.000000e+00 
24 9 1 1 24 9 1 1.000000e+00 
24 10 1 1 24 10 1 1.000000e+00 
24 11 1 1 24 11 1 1.000000e+00 
24 12 1 1 24 12 1 1.000000e+00 
24 0 2 1 24 0 2 1.000000e+00 
24 1 2 1 24 1 2 1.000000e+00 
24 2 2 1 24 2 2 1.000000e+00 
24 3 2 1 24 3 2 1.000000e+00 
24 4 2 1 24 4 2 1.000000e+00 
24 5 2 1 24 5 2 1.000000e+00 
24 6 2 1 24 6 2 1.000000e+00 
24 7 2 1 24 7 2 1.000000e+00 
24 8 2 1 24 8 2 1.000000e+00 
24 9 2 1 24 9 2 1.000000e+00 
24 10 2 1 24 10 2 1.000000e+00 
24 11 2 1 24 11 2 1.000000e+00 
24 12 2 1 24 12 2 1.000000e+00 
24 0 3 1 24 0 3 1.000000e+00 
24 1 3 1 24 1 3 1.000000e+00 
24 2 3 1 24 2 3 1.000000e+00 
24 3 3 1 24 3 3 1.000000e+00 
24 4 3 1 24 4 3 1.000000e+00 
24 5 3 1 24 5 3 1.000000e+00 
24 6 3 1 24 6 3 1.000000e+00 
24 7 3 1 24 7 3 1.000000e+00 
24 8 3 1 24 8 3 1.000000e+00 
24 9 3 1 24 9 3 1.000000e+00 
24 10 3 1 24 10 3 1.000000e+00 
24 11 3 1 24 11 3 1.000000e+00 
24 12 3 1 24 12 3 1.000000e+00 
24 0 4 1 24 0 4 1.000000e+00 
24 1 4 1 24 1 4 1.000000e+00 
24 2 4 1 24 2 4 1.000000e+00 
24 3 4 1 24 3 4 1.000000e+00 
24 4 4 1 24 4 4 1.000000e+00 
24 5 4 1 24 5 4 1.000000e+00 
24 6 4 1 24 6 4 1.000000e+00 
24 7 4 1 24 7 4 1.000000e+00 
24 8 4 1 24 8 4 1.000000e+00 
24 9 4 1 24 9 4 1.000000e+00 
24 10 4 1 24 10 4 1.000000e+00 
24 11 4 1 24 11 4 1.000000e+00 
24 12 4 1 24 12 4 1.000000e+00 
24 0 39 1 24 0 39 1.000000e+00 
24 1 39 1 24 1 39 1.000000e+00 
24 2 39 1 24 2 39 1.000000e+00 
24 3 39 1 24 3 39 1.000000e+00 
24 4 39 1 24 4 39 1.000000e+00 
24 5 39 1 24 5 39 1.000000e+00 
24 6 39 1 24 6 39 1.000000e+00 
24 7 39 1 24 7 39 1.000000e+00 
24 8 39 1 24 8 39 1.000000e+00 
24 9 39 1 24 9 39 1.000000e+00 
24 10 39 1 24 10 39 1.000000e+00 
24 11 39 1 24 11 39 1.000000e+00 
24 12 39 1 24 12 39 1.000000e+00 
24 0 40 1 24 0 40 1.000000e+00 
24 1 40 1 24 1 40 1.000000e+00 
24 2 40 1 24 2 40 1.000000e+00 
24 3 40 1 24 3 40 1.000000e+00 
24 4 40 1 24 4 40 1.000000e+00 
24 5 40 1 24 5 40 1.000000e+00 
24 6 40 1 24 6 40 1.000000e+00 
24 7 40 1 24 7 40 1.000000e+00 
24 8 40 1 24 8 40 1.000000e+00 
24 9 40 1 24 9 40 1.000000e+00 
24 10 40 1 24 10 40 1.000000e+00 
24 11 40 1 24 11 40 1.000000e+00 
24 12 40 1 24 12 40 1.000000e+00 
24 0 41 1 24 0 41 1.000000e+00 
24 1 41 1 24 1 41 1.000000e+00 
24 2 41 1 24 2 41 1.000000e+00 
24 3 41 1 24 3 41 1.000000e+00 
24 4 41 1 24 4 41 1.000000e+00 
24 5 41 1 24 5 41 1.000000e+00 
24 6 41 1 24 6 41 1.000000e+00 
24 7 41 1 24 7 41 1.000000e+00 
24 8 41 1 24 8 41 1.000000e+00 
24 9 41 1 24 9 41 1.000000e+00 
24 10 41 1 24 10 41 1.000000e+00 
24 11 41 1 24 11 41 1.000000e+00 
24 12 41 1 24 12 41 1.000000e+00 
24 0 42 1 24 0 42 1.000000e+00 
24 1 42 1 24 1 42 1.000000e+00 
24 2 42 1 24 2 42 1.000000e+00 
24 3 42 1 24 3 42 1.000000e+00 
24 4 42 1 24 4 42 1.000000e+00 
24 5 42 1 24 5 42 1.000000e+00 
24 6 42 1 24 6 42 1.000000e+00 
24 7 42 1 24 7 42 1.000000e+00 
24 8 42 1 24 8 42 1.000000e+00 
24 9 42 1 24 9 42 1.000000e+00 
24 10 42 1 24 10 42 1.000000e+00 
24 11 42 1 24 11 42 1.000000e+00 
24 12 42 1 24 12 42 1.000000e+00 
24 0 47 1 24 0 47 1.000000e+00 
24 1 47 1 24 1 47 1.000000e+00 
24 2 47 1 24 2 47 1.000000e+00 
24 3 47 1 24 3 47 1.000000e+00 
24 4 47 1 24 4 47 1.000000e+00 
24 5 47 1 24 5 47 1.000000e+00 
24 6 47 1 24 6 47 1.000000e+00 
24 7 47 1 24 7 47 1.000000e+00 
24 8 47 1 24 8 47 1.000000e+00 
24 9 47 1 24 9 47 1.000000e+00 
24 10 47 1 24 10 47 1.000000e+00 
24 11 47 1 24 11 47 1.000000e+00 
24 12 47 1 24 12 47 1.000000e+00 
24 0 48 1 24 0 48 1.000000e+00 
24 1 48 1 24 1 48 1.000000e+00 
24 2 48 1 24 2 48 1.000000e+00 
24 3 48 1 24 3 48 1.000000e+00 
24 4 48 1 24 4 48 1.000000e+00 
24 5 48 1 24 5 48 1.000000e+00 
24 6 48 1 24 6 48 1.000000e+00 
24 7 48 1 24 7 48 1.000000e+00 
24 8 48 1 24 8 48 1.000000e+00 
24 9 48 1 24 9 48 1.000000e+00 
24 10 48 1 24 10 48 1.000000e+00 
24 11 48 1 24 11 48 1.000000e+00 
24 12 48 1 24 12 48 1.000000e+00 
24 0 49 1 24 0 49 1.000000e+00 
24 1 49 1 24 1 49 1.000000e+00 
24 2 49 1 24 2 49 1.000000e+00 
24 3 49 1 24 3 49 1.000000e+00 
24 4 49 1 24 4 49 1.000000e+00 
24 5 49 1 24 5 49 1.000000e+00 
24 6 49 1 24 6 49 1.000000e+00 
24 7 49 1 24 7 49 1.000000e+00 
24 8 49 1 24 8 49 1.000000e+00 
24 9 49 1 24 9 49 1.000000e+00 
24 10 49 1 24 10 49 1.000000e+00 
24 11 49 1 24 11 49 1.000000e+00 
24 12 49 1 24 12 49 1.000000e+00 
24 0 50 1 24 0 50 1.000000e+00 
24 1 50 1 24 1 50 1.000000e+00 
24 2 50 1 24 2 50 1.000000e+00 
24 3 50 1 24 3 50 1.000000e+00 
24 4 50 1 24 4 50 1.000000e+00 
24 5 50 1 24 5 50 1.000000e+00 
24 6 50 1 24 6 50 1.000000e+00 
24 7 50 1 24 7 50 1.000000e+00 
24 8 50 1 24 8 50 1.000000e+00 
24 9 50 1 24 9 50 1.000000e+00 
24 10 50 1 24 10 50 1.000000e+00 
24 11 50 1 24 11 50 1.000000e+00 
24 12 50 1 24 12 50 1.000000e+00 
24 0 35 1 24 0 35 1.000000e+00 
24 1 35 1 24 1 35 1.000000e+00 
24 2 35 1 24 2 35 1.000000e+00 
24 3 35 1 24 3 35 1.000000e+00 
24 4 35 1 24 4 35 1.000000e+00 
24 5 35 1 24 5 35 1.000000e+00 
24 6 35 1 24 6 35 1.000000e+00 
24 7 35 1 24 7 35 1.000000e+00 
24 8 35 1 24 8 35 1.000000e+00 
24 9 35 1 24 9 35 1.000000e+00 
24 10 35 1 24 10 35 1.000000e+00 
24 11 35 1 24 11 35 1.000000e+00 
24 12 35 1 24 12 35 1.000000e+00 
24 0 36 1 24 0 36 1.000000e+00 
24 1 36 1 24 1 36 1.000000e+00 
24 2 36 1 24 2 36 1.000000e+00 
24 3 36 1 24 3 36 1.000000e+00 
24 4 36 1 24 4 36 1.000000e+00 
24 5 36 1 24 5 36 1.000000e+00 
24 6 36 1 24 6 36 1.000000e+00 
24 7 36 1 24 7 36 1.000000e+00 
24 8 36 1 24 8 36 1.000000e+00 
24 9 36 1 24 9 36 1.000000e+00 
24 10 36 1 24 10 36 1.000000e+00 
24 11 36 1 24 11 36 1.000000e+00 
24 12 36 1 24 12 36 1.000000e+00 
24 0 37 1 24 0 37 1.000000e+00 
24 1 37 1 24 1 37 1.000000e+00 
24 2 37 1 24 2 37 1.000000e+00 
24 3 37 1 24 3 37 1.000000e+00 
24 4 37 1 24 4 37 1.000000e+00 
24 5 37 1 24 5 37 1.000000e+00 
24 6 37 1 24 6 37 1.000000e+00 
24 7 37 1 24 7 37 1.000000e+00 
24 8 37 1 24 8 37 1.000000e+00 
24 9 37 1 24 9 37 1.000000e+00 
24 10 37 1 24 10 37 1.000000e+00 
24 11 37 1 24 11 37 1.000000e+00 
24 12 37 1 24 12 37 1.000000e+00 
24 0 38 1 24 0 38 1.000000e+00 
24 1 38 1 24 1 38 1.000000e+00 
24 2 38 1 24 2 38 1.000000e+00 
24 3 38 1 24 3 38 1.000000e+00 
24 4 38 1 24 4 38 1.000000e+00 
24 5 38 1 24 5 38 1.000000e+00 
24 6 38 1 24 6 38 1.000000e+00 
24 7 38 1 24 7 38 1.000000e+00 
24 8 38 1 24 8 38 1.000000e+00 
24 9 38 1 24 9 38 1.000000e+00 
24 10 38 1 24 10 38 1.000000e+00 
24 11 38 1 24 11 38 1.000000e+00 
24 12 38 1 24 12 38 1.000000e+00 
24 0 5 1 24 0 5 1.000000e+00 
24 1 5 1 24 1 5 1.000000e+00 
24 2 5 1 24 2 5 1.000000e+00 
24 3 5 1 24 3 5 1.000000e+00 
24 4 5 1 24 4 5 1.000000e+00 
24 5 5 1 24 5 5 1.000000e+00 
24 6 5 1 24 6 5 1.000000e+00 
24 7 5 1 24 7 5 1.000000e+00 
24 8 5 1 24 8 5 1.000000e+00 
24 9 5 1 24 9 5 1.000000e+00 
24 10 5 1 24 10 5 1.000000e+00 
24 11 5 1 24 11 5 1.000000e+00 
24 12 5 1 24 12 5 1.000000e+00 
24 0 6 1 24 0 6 1.000000e+00 
24 1 6 1 24 1 6 1.000000e+00 
24 2 6 1 24 2 6 1.000000e+00 
24 3 6 1 24 3 6 1.000000e+00 
24 4 6 1 24 4 6 1.000000e+00 
24 5 6 1 24 5 6 1.000000e+00 
24 6 6 1 24 6 6 1.000000e+00 
24 7 6 1 24 7 6 1.000000e+00 
24 8 6 1 24 8 6 1.000000e+00 
24 9 6 1 24 9 6 1.000000e+00 
24 10 6 1 24 10 6 1.000000e+00 
24 11 6 1 24 11 6 1.000000e+00 
24 12 6 1 24 12 6 1.000000e+00 
24 0 7 1 24 0 7 1.000000e+00 
24 1 7 1 24 1 7 1.000000e+00 
24 2 7 1 24 2 7 1.000000e+00 
24 3 7 1 24 3 7 1.000000e+00 
24 4 7 1 24 4 7 1.000000e+00 
24 5 7 1 24 5 7 1.000000e+00 
24 6 7 1 24 6 7 1.000000e+00 
24 7 7 1 24 7 7 1.000000e+00 
24 8 7 1 24 8 7 1.000000e+00 
24 9 7 1 24 9 7 1.000000e+00 
24 10 7 1 24 10 7 1.000000e+00 
24 11 7 1 24 11 7 1.000000e+00 
24 12 7 1 24 12 7 1.000000e+00 
24 0 8 1 24 0 8 1.000000e+00 
24 1 8 1 24 1 8 1.000000e+00 
24 2 8 1 24 2 8 1.000000e+00 
24 3 8 1 24 3 8 1.000000e+00 
24 4 8 1 24 4 8 1.000000e+00 
24 5 8 1 24 5 8 1.000000e+00 
24 6 8 1 24 6 8 1.000000e+00 
24 7 8 1 24 7 8 1.000000e+00 
24 8 8 1 24 8 8 1.000000e+00 
24 9 8 1 24 9 8 1.000000e+00 
24 10 8 1 24 10 8 1.000000e+00 
24 11 8 1 24 11 8 1.000000e+00 
24 12 8 1 24 12 8 1.000000e+00 
24 0 9 1 24 0 9 1.000000e+00 
24 1 9 1 24 1 9 1.000000e+00 
24 2 9 1 24 2 9 1.000000e+00 
24 3 9 1 24 3 9 1.000000e+00 
24 4 9 1 24 4 9 1.000000e+00 
24 5 9 1 24 5 9 1.000000e+00 
24 6 9 1 24 6 9 1.000000e+00 
24 7 9 1 24 7 9 1.000000e+00 
24 8 9 1 24 8 9 1.000000e+00 
24 9 9 1 24 9 9 1.000000e+00 
24 10 9 1 24 10 9 1.000000e+00 
24 11 9 1 24 11 9 1.000000e+00 
24 12 9 1 24 12 9 1.000000e+00 
24 0 15 1 24 0 15 1.000000e+00 
24 1 15 1 24 1 15 1.000000e+00 
24 2 15 1 24 2 15 1.000000e+00 
24 3 15 1 24 3 15 1.000000e+00 
24 4 15 1 24 4 15 1.000000e+00 
24 5 15 1 24 5 15 1.000000e+00 
24 6 15 1 24 6 15 1.000000e+00 
24 7 15 1 24 7 15 1.000000e+00 
24 8 15 1 24 8 15 1.000000e+00 
24 9 15 1 24 9 15 1.000000e+00 
24 10 15 1 24 10 15 1.000000e+00 
24 11 15 1 24 11 15 1.000000e+00 
24 12 15 1 24 12 15 1.000000e+00 
24 0 16 1 24 0 16 1.000000e+00 
24 1 16 1 24 1 16 1.000000e+00 
24 2 16 1 24 2 16 1.000000e+00 
24 3 16 1 24 3 16 1.000000e+00 
24 4 16 1 24 4 16 1.000000e+00 
24 5 16 1 24 5 16 1.000000e+00 
24 6 16 1 24 6 16 1.000000e+00 
24 7 16 1 24 7 16 1.000000e+00 
24 8 16 1 24 8 16 1.000000e+00 
24 9 16 1 24 9 16 1.000000e+00 
24 10 16 1 24 10 16 1.000000e+00 
24 11 16 1 24 11 16 1.000000e+00 
24 12 16 1 24 12 16 1.000000e+00 
24 0 17 1 24 0 17 1.000000e+00 
24 1 17 1 24 1 17 1.000000e+00 
24 2 17 1 24 2 17 1.000000e+00 
24 3 17 1 24 3 17 1.000000e+00 
24 4 17 1 24 4 17 1.000000e+00 
24 5 17 1 24 5 17 1.000000e+00 
24 6 17 1 24 6 17 1.000000e+00 
24 7 17 1 24 7 17 1.000000e+00 
24 8 17 1 24 8 17 1.000000e+00 
24 9 17 1 24 9 17 1.000000e+00 
24 10 17 1 24 10 17 1.000000e+00 
24 11 17 1 24 11 17 1.000000e+00 
24 12 17 1 24 12 17 1.000000e+00 
24 0 18 1 24 0 18 1.000000e+00 
24 1 18 1 24 1 18 1.000000e+00 
24 2 18 1 24 2 18 1.000000e+00 
24 3 18 1 24 3 18 1.000000e+00 
24 4 18 1 24 4 18 1.000000e+00 
24 5 18 1 24 5 18 1.000000e+00 
24 6 18 1 24 6 18 1.000000e+00 
24 7 18 1 24 7 18 1.000000e+00 
24 8 18 1 24 8 18 1.000000e+00 
24 9 18 1 24 9 18 1.000000e+00 
24 10 18 1 24 10 18 1.000000e+00 
24 11 18 1 24 11 18 1.000000e+00 
24 12 18 1 24 12 18 1.000000e+00 
24 0 19 1 24 0 19 1.000000e+00 
24 1 19 1 24 1 19 1.000000e+00 
24 2 19 1 24 2 19 1.000000e+00 
24 3 19 1 24 3 19 1.000000e+00 
24 4 19 1 24 4 19 1.000000e+00 
24 5 19 1 24 5 19 1.000000e+00 
24 6 19 1 24 6 19 1.000000e+00 
24 7 19 1 24 7 19 1.000000e+00 
24 8 19 1 24 8 19 1.000000e+00 
24 9 19 1 24 9 19 1.000000e+00 
24 10 19 1 24 10 19 1.000000e+00 
24 11 19 1 24 11 19 1.000000e+00 
24 12 19 1 24 12 19 1.000000e+00 
24 0 20 1 24 0 20 1.000000e+00 
24 1 20 1 24 1 20 1.000000e+00 
24 2 20 1 24 2 20 1.000000e+00 
24 3 20 1 24 3 20 1.000000e+00 
24 4 20 1 24 4 20 1.000000e+00 
24 5 20 1 24 5 20 1.000000e+00 
24 6 20 1 24 6 20 1.000000e+00 
24 7 20 1 24 7 20 1.000000e+00 
24 8 20 1 24 8 20 1.000000e+00 
24 9 20 1 24 9 20 1.000000e+00 
24 10 20 1 24 10 20 1.000000e+00 
24 11 20 1 24 11 20 1.000000e+00 
24 12 20 1 24 12 20 1.000000e+00 
24 0 21 1 24 0 21 1.000000e+00 
24 1 21 1 24 1 21 1.000000e+00 
24 2 21 1 24 2 21 1.000000e+00 
24 3 21 1 24 3 21 1.000000e+00 
24 4 21 1 24 4 21 1.000000e+00 
24 5 21 1 24 5 21 1.000000e+00 
24 6 21 1 24 6 21 1.000000e+00 
24 7 21 1 24 7 21 1.000000e+00 
24 8 21 1 24 8 21 1.000000e+00 
24 9 21 1 24 9 21 1.000000e+00 
24 10 21 1 24 10 21 1.000000e+00 
24 11 21 1 24 11 21 1.000000e+00 
24 12 21 1 24 12 21 1.000000e+00 
24 0 22 1 24 0 22 1.000000e+00 
24 1 22 1 24 1 22 1.000000e+00 
24 2 22 1 24 2 22 1.000000e+00 
24 3 22 1 24 3 22 1.000000e+00 
24 4 22 1 24 4 22 1.000000e+00 
24 5 22 1 24 5 22 1.000000e+00 
24 6 22 1 24 6 22 1.000000e+00 
24 7 22 1 24 7 22 1.000000e+00 
24 8 22 1 24 8 22 1.000000e+00 
24 9 22 1 24 9 22 1.000000e+00 
24 10 22 1 24 10 22 1.000000e+00 
24 11 22 1 24 11 22 1.000000e+00 
24 12 22 1 24 12 22 1.000000e+00 
24 0 10 1 24 0 10 1.000000e+00 
24 1 10 1 24 1 10 1.000000e+00 
24 2 10 1 24 2 10 1.000000e+00 
24 3 10 1 24 3 10 1.000000e+00 
24 4 10 1 24 4 10 1.000000e+00 
24 5 10 1 24 5 10 1.000000e+00 
24 6 10 1 24 6 10 1.000000e+00 
24 7 10 1 24 7 10 1.000000e+00 
24 8 10 1 24 8 10 1.000000e+00 
24 9 10 1 24 9 10 1.000000e+00 
24 10 10 1 24 10 10 1.000000e+00 
24 11 10 1 24 11 10 1.000000e+00 
24 12 10 1 24 12 10 1.000000e+00 
24 0 11 1 24 0 11 1.000000e+00 
24 1 11 1 24 1 11 1.000000e+00 
24 2 11 1 24 2 11 1.000000e+00 
24 3 11 1 24 3 11 1.000000e+00 
24 4 11 1 24 4 11 1.000000e+00 
24 5 11 1 24 5 11 1.000000e+00 
24 6 11 1 24 6 11 1.000000e+00 
24 7 11 1 24 7 11 1.000000e+00 
24 8 11 1 24 8 11 1.000000e+00 
24 9 11 1 24 9 11 1.000000e+00 
24 10 11 1 24 10 11 1.000000e+00 
24 11 11 1 24 11 11 1.000000e+00 
24 12 11 1 24 12 11 1.000000e+00 
24 0 12 1 24 0 12 1.000000e+00 
24 1 12 1 24 1 12 1.000000e+00 
24 2 12 1 24 2 12 1.000000e+00 
24 3 12 1 24 3 12 1.000000e+00 
24 4 12 1 24 4 12 1.000000e+00 
24 5 12 1 24 5 12 1.000000e+00 
24 6 12 1 24 6 12 1.000000e+00 
24 7 12 1 24 7 12 1.000000e+00 
24 8 12 1 24 8 12 1.000000e+00 
24 9 12 1 24 9 12 1.000000e+00 
24 10 12 1 24 10 12 1.000000e+00 
24 11 12 1 24 11 12 1.000000e+00 
24 12 12 1 24 12 12 1.000000e+00 
24 0 13 1 24 0 13 1.000000e+00 
24 1 13 1 24 1 13 1.000000e+00 
24 2 13 1 24 2 13 1.000000e+00 
24 3 13 1 24 3 13 1.000000e+00 
24 4 13 1 24 4 13 1.000000e+00 
24 5 13 1 24 5 13 1.000000e+00 
24 6 13 1 24 6 13 1.000000e+00 
24 7 13 1 24 7 13 1.000000e+00 
24 8 13 1 24 8 13 1.000000e+00 
24 9 13 1 24 9 13 1.000000e+00 
24 10 13 1 24 10 13 1.000000e+00 
24 11 13 1 24 11 13 1.000000e+00 
24 12 13 1 24 12 13 1.000000e+00 
24 0 14 1 24 0 14 1.000000e+00 
24 1 14 1 24 1 14 1.000000e+00 
24 2 14 1 24 2 14 1.000000e+00 
24 3 14 1 24 3 14 1.000000e+00 
24 4 14 1 24 4 14 1.000000e+00 
24 5 14 1 24 5 14 1.000000e+00 
24 6 14 1 24 6 14 1.000000e+00 
24 7 14 1 24 7 14 1.000000e+00 
24 8 14 1 24 8 14 1.000000e+00 
24 9 14 1 24 9 14 1.000000e+00 
24 10 14 1 24 10 14 1.000000e+00 
24 11 14 1 24 11 14 1.000000e+00 
24 12 14 1 24 12 14 1.000000e+00 
24 0 27 1 24 0 27 1.000000e+00 
24 1 27 1 24 1 27 1.000000e+00 
24 2 27 1 24 2 27 1.000000e+00 
24 3 27 1 24 3 27 1.000000e+00 
24 4 27 1 24 4 27 1.000000e+00 
24 5 27 1 24 5 27 1.000000e+00 
24 6 27 1 24 6 27 1.000000e+00 
24 7 27 1 24 7 27 1.000000e+00 
24 8 27 1 24 8 27 1.000000e+00 
24 9 27 1 24 9 27 1.000000e+00 
24 10 27 1 24 10 27 1.000000e+00 
24 11 27 1 24 11 27 1.000000e+00 
24 12 27 1 24 12 27 1.000000e+00 
24 0 28 1 24 0 28 1.000000e+00 
24 1 28 1 24 1 28 1.000000e+00 
24 2 28 1 24 2 28 1.000000e+00 
24 3 28 1 24 3 28 1.000000e+00 
24 4 28 1 24 4 28 1.000000e+00 
24 5 28 1 24 5 28 1.000000e+00 
24 6 28 1 24 6 28 1.000000e+00 
24 7 28 1 24 7 28 1.000000e+00 
24 8 28 1 24 8 28 1.000000e+00 
24 9 28 1 24 9 28 1.000000e+00 
24 10 28 1 24 10 28 1.000000e+00 
24 11 28 1 24 11 28 1.000000e+00 
24 12 28 1 24 12 28 1.000000e+00 
24 0 29 1 24 0 29 1.000000e+00 
24 1 29 1 24 1 29 1.000000e+00 
24 2 29 1 24 2 29 1.000000e+00 
24 3 29 1 24 3 29 1.000000e+00 
24 4 29 1 24 4 29 1.000000e+00 
24 5 29 1 24 5 29 1.000000e+00 
24 6 29 1 24 6 29 1.000000e+00 
24 7 29 1 24 7 29 1.000000e+00 
24 8 29 1 24 8 29 1.000000e+00 
24 9 29 1 24 9 29 1.000000e+00 
24 10 29 1 24 10 29 1.000000e+00 
24 11 29 1 24 11 29 1.000000e+00 
24 12 29 1 24 12 29 1.000000e+00 
24 0 30 1 24 0 30 1.000000e+00 
24 1 30 1 24 1 30 1.000000e+00 
24 2 30 1 24 2 30 1.000000e+00 
24 3 30 1 24 3 30 1.000000e+00 
24 4 30 1 24 4 30 1.000000e+00 
24 5 30 1 24 5 30 1.000000e+00 
24 6 30 1 24 6 30 1.000000e+00 
24 7 30 1 24 7 30 1.000000e+00 
24 8 30 1 24 8 30 1.000000e+00 
24 9 30 1 24 9 30 1.000000e+00 
24 10 30 1 24 10 30 1.000000e+00 
24 11 30 1 24 11 30 1.000000e+00 
24 12 30 1 24 12 30 1.000000e+00 
24 0 31 1 24 0 31 1.000000e+00 
24 1 31 1 24 1 31 1.000000e+00 
24 2 31 1 24 2 31 1.000000e+00 
24 3 31 1 24 3 31 1.000000e+00 
24 4 31 1 24 4 31 1.000000e+00 
24 5 31 1 24 5 31 1.000000e+00 
24 6 31 1 24 6 31 1.000000e+00 
24 7 31 1 24 7 31 1.000000e+00 
24 8 31 1 24 8 31 1.000000e+00 
24 9 31 1 24 9 31 1.000000e+00 
24 10 31 1 24 10 31 1.000000e+00 
24 11 31 1 24 11 31 1.000000e+00 
24 12 31 1 24 12 31 1.000000e+00 
24 0 32 1 24 0 32 1.000000e+00 
24 1 32 1 24 1 32 1.000000e+00 
24 2 32 1 24 2 32 1.000000e+00 
24 3 32 1 24 3 32 1.000000e+00 
24 4 32 1 24 4 32 1.000000e+00 
24 5 32 1 24 5 32 1.000000e+00 
24 6 32 1 24 6 32 1.000000e+00 
24 7 32 1 24 7 32 1.000000e+00 
24 8 32 1 24 8 32 1.000000e+00 
24 9 32 1 24 9 32 1.000000e+00 
24 10 32 1 24 10 32 1.000000e+00 
24 11 32 1 24 11 32 1.000000e+00 
24 12 32 1 24 12 32 1.000000e+00 
24 0 33 1 24 0 33 1.000000e+00 
24 1 33 1 24 1 33 1.000000e+00 
24 2 33 1 24 2 33 1.000000e+00 
24 3 33 1 24 3 33 1.000000e+00 
24 4 33 1 24 4 33 1.000000e+00 
24 5 33 1 24 5 33 1.000000e+00 
24 6 33 1 24 6 33 1.000000e+00 
24 7 33 1 24 7 33 1.000000e+00 
24 8 33 1 24 8 33 1.000000e+00 
24 9 33 1 24 9 33 1.000000e+00 
24 10 33 1 24 10 33 1.000000e+00 
24 11 33 1 24 11 33 1.000000e+00 
24 12 33 1 24 12 33 1.000000e+00 
24 0 34 1 24 0 34 1.000000e+00 
24 1 34 1 24 1 34 1.000000e+00 
24 2 34 1 24 2 34 1.000000e+00 
24 3 34 1 24 3 34 1.000000e+00 
24 4 34 1 24 4 34 1.000000e+00 
24 5 34 1 24 5 34 1.000000e+00 
24 6 34 1 24 6 34 1.000000e+00 
24 7 34 1 24 7 34 1.000000e+00 
24 8 34 1 24 8 34 1.000000e+00 
24 9 34 1 24 9 34 1.000000e+00 
24 10 34 1 24 10 34 1.000000e+00 
24 11 34 1 24 11 34 1.000000e+00 
24 12 34 1 24 12 34 1.000000e+00 
24 0 43 1 24 0 43 1.000000e+00 
24 1 43 1 24 1 43 1.000000e+00 
24 2 43 1 24 2 43 1.000000e+00 
24 3 43 1 24 3 43 1.000000e+00 
24 4 43 1 24 4 43 1.000000e+00 
24 5 43 1 24 5 43 1.000000e+00 
24 6 43 1 24 6 43 1.000000e+00 
24 7 43 1 24 7 43 1.000000e+00 
24 8 43 1 24 8 43 1.000000e+00 
24 9 43 1 24 9 43 1.000000e+00 
24 10 43 1 24 10 43 1.000000e+00 
24 11 43 1 24 11 43 1.000000e+00 
24 12 43 1 24 12 43 1.000000e+00 
24 0 44 1 24 0 44 1.000000e+00 
24 1 44 1 24 1 44 1.000000e+00 
24 2 44 1 24 2 44 1.000000e+00 
24 3 44 1 24 3 44 1.000000e+00 
24 4 44 1 24 4 44 1.000000e+00 
24 5 44 1 24 5 44 1.000000e+00 
24 6 44 1 24 6 44 1.000000e+00 
24 7 44 1 24 7 44 1.000000e+00 
24 8 44 1 24 8 44 1.000000e+00 
24 9 44 1 24 9 44 1.000000e+00 
24 10 44 1 24 10 44 1.000000e+00 
24 11 44 1 24 11 44 1.000000e+00 
24 12 44 1 24 12 44 1.000000e+00 
24 0 45 1 24 0 45 1.000000e+00 
24 1 45 1 24 1 45 1.000000e+00 
24 2 45 1 24 2 45 1.000000e+00 
24 3 45 1 24 3 45 1.000000e+00 
24 4 45 1 24 4 45 1.000000e+00 
24 5 45 1 24 5 45 1.000000e+00 
24 6 45 1 24 6 45 1.000000e+00 
24 7 45 1 24 7 45 1.000000e+00 
24 8 45 1 24 8 45 1.000000e+00 
24 9 45 1 24 9 45 1.000000e+00 
24 10 45 1 24 10 45 1.000000e+00 
24 11 45 1 24 11 45 1.000000e+00 
24 12 45 1 24 12 45 1.000000e+00 
24 0 46 1 24 0 46 1.000000e+00 
24 1 46 1 24 1 46 1.000000e+00 
24 2 46 1 24 2 46 1.000000e+00 
24 3 46 1 24 3 46 1.000000e+00 
24 4 46 1 24 4 46 1.000000e+00 
24 5 46 1 24 5 46 1.000000e+00 
24 6 46 1 24 6 46 1.000000e+00 
24 7 46 1 24 7 46 1.000000e+00 
24 8 46 1 24 8 46 1.000000e+00 
24 9 46 1 24 9 46 1.000000e+00 
24 10 46 1 24 10 46 1.000000e+00 
24 11 46 1 24 11 46 1.000000e+00 
24 12 46 1 24 12 46 1.000000e+00 
24 0 23 1 24 0 23 1.000000e+00 
24 1 23 1 24 1 23 1.000000e+00 
24 2 23 1 24 2 23 1.000000e+00 
24 3 23 1 24 3 23 1.000000e+00 
24 4 23 1 24 4 23 1.000000e+00 
24 5 23 1 24 5 23 1.000000e+00 
24 6 23 1 24 6 23 1.000000e+00 
24 7 23 1 24 7 23 1.000000e+00 
24 8 23 1 24 8 23 1.000000e+00 
24 9 23 1 24 9 23 1.000000e+00 
24 10 23 1 24 10 23 1.000000e+00 
24 11 23 1 24 11 23 1.000000e+00 
24 12 23 1 24 12 23 1.000000e+00 
24 0 24 1 24 0 24 1.000000e+00 
24 1 24 1 24 1 24 1.000000e+00 
24 2 24 1 24 2 24 1.000000e+00 
24 3 24 1 24 3 24 1.000000e+00 
24 4 24 1 24 4 24 1.000000e+00 
24 5 24 1 24 5 24 1.000000e+00 
24 6 24 1 24 6 24 1.000000e+00 
24 7 24 1 24 7 24 1.000000e+00 
24 8 24 1 24 8 24 1.000000e+00 
24 9 24 1 24 9 24 1.000000e+00 
24 10 24 1 24 10 24 1.000000e+00 
24 11 24 1 24 11 24 1.000000e+00 
24 12 24 1 24 12 24 1.000000e+00 
24 0 25 1 24 0 25 1.000000e+00 
24 1 25 1 24 1 25 1.000000e+00 
24 2 25 1 24 2 25 1.000000e+00 
24 3 25 1 24 3 25 1.000000e+00 
24 4 25 1 24 4 25 1.000000e+00 
24 5 25 1 24 5 25 1.000000e+00 
24 6 25 1 24 6 25 1.000000e+00 
24 7 25 1 24 7 25 1.000000e+00 
24 8 25 1 24 8 25 1.000000e+00 
24 9 25 1 24 9 25 1.000000e+00 
24 10 25 1 24 10 25 1.000000e+00 
24 11 25 1 24 11 25 1.000000e+00 
24 12 25 1 24 12 25 1.000000e+00 
24 0 26 1 24 0 26 1.000000e+00 
24 1 26 1 24 1 26 1.000000e+00 
24 2 26 1 24 2 26 1.000000e+00 
24 3 26 1 24 3 26 1.000000e+00 
24 4 26 1 24 4 26 1.000000e+00 
24 5 26 1 24 5 26 1.000000e+00 
24 6 26 1 24 6 26 1.000000e+00 
24 7 26 1 24 7 26 1.000000e+00 
24 8 26 1 24 8 26 1.000000e+00 
24 9 26 1 24 9 26 1.000000e+00 
24 10 26 1 24 10 26 1.000000e+00 
24 11 26 1 24 11 26 1.000000e+00 
24 12 26 1 24 12 26 1.000000e+00 
