left
3D
378
-2 -2 8 4 1 0 8 3.108361e-01 1 1 8 4.810230e-01 2 0 8 2.081408e-01 1 0 9 0.000000e+00 
-2 -1 8 4 1 1 8 2.271504e-01 1 2 8 4.377197e-01 2 1 8 3.351299e-01 1 1 9 0.000000e+00 
-1 -1 8 4 1 0 8 4.528319e-01 0 0 8 2.323474e-01 1 1 8 3.148207e-01 1 0 9 0.000000e+00 
-2 0 8 4 1 2 8 2.054844e-01 1 3 8 3.633576e-01 2 2 8 4.311580e-01 1 2 9 0.000000e+00 
-1 0 8 4 1 1 8 5.382091e-01 0 1 8 1.917921e-01 1 2 8 2.699988e-01 1 1 9 0.000000e+00 
-2 1 8 4 1 3 8 2.271474e-01 1 4 8 2.670643e-01 2 3 8 5.057884e-01 1 3 9 0.000000e+00 
-1 1 8 4 1 2 8 6.247470e-01 0 2 8 1.625613e-01 1 3 8 2.126916e-01 1 2 9 0.000000e+00 
-2 2 8 4 1 4 8 2.773438e-01 1 5 8 1.516098e-01 2 4 8 5.710464e-01 1 4 9 0.000000e+00 
-1 2 8 4 1 3 8 7.170391e-01 0 3 8 1.377558e-01 1 4 8 1.452051e-01 1 3 9 0.000000e+00 
-2 3 8 4 1 5 8 3.512442e-01 1 6 8 2.021359e-02 2 5 8 6.285422e-01 1 5 9 0.000000e+00 
-1 3 8 4 0 4 8 3.171871e-02 0 5 8 7.710206e-02 1 4 8 8.911792e-01 0 4 9 0.000000e+00 
-2 4 8 4 2 6 8 5.724651e-01 2 5 8 1.160911e-01 1 6 8 3.114438e-01 2 6 9 0.000000e+00 
-1 4 8 4 1 5 8 8.883758e-01 1 4 8 1.356115e-02 0 5 8 9.806309e-02 1 5 9 0.000000e+00 
-2 5 8 4 2 6 8 5.975455e-03 1 6 8 2.747062e-01 2 7 8 7.193184e-01 2 6 9 0.000000e+00 
-1 5 8 4 1 5 8 2.060088e-02 0 5 8 8.953088e-02 1 6 8 8.898682e-01 1 5 9 0.000000e+00 
-2 6 8 4 2 7 8 2.132456e-01 1 7 8 2.198015e-01 2 8 8 5.669529e-01 2 7 9 0.000000e+00 
-1 6 8 4 1 6 8 1.285517e-01 0 6 8 7.367206e-02 1 7 8 7.977762e-01 1 6 9 0.000000e+00 
-2 7 8 4 2 8 8 4.246846e-01 1 8 8 1.703577e-01 2 9 8 4.049577e-01 2 8 9 0.000000e+00 
-1 7 8 4 1 7 8 2.391226e-01 0 7 8 5.978694e-02 1 8 8 7.010905e-01 1 7 9 0.000000e+00 
-2 8 8 4 2 9 8 6.397461e-01 1 9 8 1.256137e-01 2 10 8 2.346402e-01 2 9 9 0.000000e+00 
-1 8 8 4 1 8 8 3.519821e-01 0 8 8 4.753708e-02 1 9 8 6.004808e-01 1 8 9 0.000000e+00 
-2 9 8 4 1 10 8 2.108064e-02 1 11 8 6.041415e-02 2 10 8 9.185052e-01 1 10 9 0.000000e+00 
-1 9 8 4 1 9 8 4.668514e-01 0 9 8 3.665925e-02 1 10 8 4.964894e-01 1 9 9 0.000000e+00 
-2 10 8 4 2 10 8 7.902068e-02 1 10 8 5.058642e-02 2 11 8 8.703929e-01 2 10 9 0.000000e+00 
-1 10 8 4 1 10 8 5.835010e-01 0 10 8 2.694064e-02 1 11 8 3.895584e-01 1 10 9 0.000000e+00 
-2 11 8 4 2 11 8 3.027222e-01 1 11 8 1.462753e-02 2 12 8 6.826503e-01 2 11 9 0.000000e+00 
-1 11 8 4 1 11 8 7.017462e-01 0 11 8 1.820361e-02 1 12 8 2.800502e-01 1 11 9 0.000000e+00 
-2 -2 9 4 1 0 9 3.108361e-01 1 1 9 4.810230e-01 2 0 9 2.081408e-01 1 0 10 0.000000e+00 
-2 -1 9 4 1 1 9 2.271504e-01 1 2 9 4.377197e-01 2 1 9 3.351299e-01 1 1 10 0.000000e+00 
-1 -1 9 4 1 0 9 4.528319e-01 0 0 9 2.323474e-01 1 1 9 3.148207e-01 1 0 10 0.000000e+00 
-2 0 9 4 1 2 9 2.054844e-01 1 3 9 3.633576e-01 2 2 9 4.311580e-01 1 2 10 0.000000e+00 
-1 0 9 4 1 1 9 5.382091e-01 0 1 9 1.917921e-01 1 2 9 2.699988e-01 1 1 10 0.000000e+00 
-2 1 9 4 1 3 9 2.271474e-01 1 4 9 2.670643e-01 2 3 9 5.057884e-01 1 3 10 0.000000e+00 
-1 1 9 4 1 2 9 6.247470e-01 0 2 9 1.625613e-01 1 3 9 2.126916e-01 1 2 10 0.000000e+00 
-2 2 9 4 1 4 9 2.773438e-01 1 5 9 1.516098e-01 2 4 9 5.710464e-01 1 4 10 0.000000e+00 
-1 2 9 4 1 3 9 7.170391e-01 0 3 9 1.377558e-01 1 4 9 1.452051e-01 1 3 10 0.000000e+00 
-2 3 9 4 1 5 9 3.512442e-01 1 6 9 2.021359e-02 2 5 9 6.285422e-01 1 5 10 0.000000e+00 
-1 3 9 4 0 4 9 3.171871e-02 0 5 9 7.710206e-02 1 4 9 8.911792e-01 0 4 10 0.000000e+00 
-2 4 9 4 2 6 9 5.724651e-01 2 5 9 1.160911e-01 1 6 9 3.114438e-01 2 6 10 0.000000e+00 
-1 4 9 4 1 5 9 8.883758e-01 1 4 9 1.356115e-02 0 5 9 9.806309e-02 1 5 10 0.000000e+00 
-2 5 9 4 2 6 9 5.975455e-03 1 6 9 2.747062e-01 2 7 9 7.193184e-01 2 6 10 0.000000e+00 
-1 5 9 4 1 5 9 2.060088e-02 0 5 9 8.953088e-02 1 6 9 8.898682e-01 1 5 10 0.000000e+00 
-2 6 9 4 2 7 9 2.132456e-01 1 7 9 2.198015e-01 2 8 9 5.669529e-01 2 7 10 0.000000e+00 
-1 6 9 4 1 6 9 1.285517e-01 0 6 9 7.367206e-02 1 7 9 7.977762e-01 1 6 10 0.000000e+00 
-2 7 9 4 2 8 9 4.246846e-01 1 8 9 1.703577e-01 2 9 9 4.049577e-01 2 8 10 0.000000e+00 
-1 7 9 4 1 7 9 2.391226e-01 0 7 9 5.978694e-02 1 8 9 7.010905e-01 1 7 10 0.000000e+00 
-2 8 9 4 2 9 9 6.397461e-01 1 9 9 1.256137e-01 2 10 9 2.346402e-01 2 9 10 0.000000e+00 
-1 8 9 4 1 8 9 3.519821e-01 0 8 9 4.753708e-02 1 9 9 6.004808e-01 1 8 10 0.000000e+00 
-2 9 9 4 1 10 9 2.108064e-02 1 11 9 6.041415e-02 2 10 9 9.185052e-01 1 10 10 0.000000e+00 
-1 9 9 4 1 9 9 4.668514e-01 0 9 9 3.665925e-02 1 10 9 4.964894e-01 1 9 10 0.000000e+00 
-2 10 9 4 2 10 9 7.902068e-02 1 10 9 5.058642e-02 2 11 9 8.703929e-01 2 10 10 0.000000e+00 
-1 10 9 4 1 10 9 5.835010e-01 0 10 9 2.694064e-02 1 11 9 3.895584e-01 1 10 10 0.000000e+00 
-2 11 9 4 2 11 9 3.027222e-01 1 11 9 1.462753e-02 2 12 9 6.826503e-01 2 11 10 0.000000e+00 
-1 11 9 4 1 11 9 7.017462e-01 0 11 9 1.820361e-02 1 12 9 2.800502e-01 1 11 10 0.000000e+00 
-2 -2 0 4 1 0 0 3.108361e-01 1 1 0 4.810230e-01 2 0 0 2.081408e-01 1 0 1 0.000000e+00 
-2 -1 0 4 1 1 0 2.271504e-01 1 2 0 4.377197e-01 2 1 0 3.351299e-01 1 1 1 0.000000e+00 
-1 -1 0 4 1 0 0 4.528319e-01 0 0 0 2.323474e-01 1 1 0 3.148207e-01 1 0 1 0.000000e+00 
-2 0 0 4 1 2 0 2.054844e-01 1 3 0 3.633576e-01 2 2 0 4.311580e-01 1 2 1 0.000000e+00 
-1 0 0 4 1 1 0 5.382091e-01 0 1 0 1.917921e-01 1 2 0 2.699988e-01 1 1 1 0.000000e+00 
-2 1 0 4 1 3 0 2.271474e-01 1 4 0 2.670643e-01 2 3 0 5.057884e-01 1 3 1 0.000000e+00 
-1 1 0 4 1 2 0 6.247470e-01 0 2 0 1.625613e-01 1 3 0 2.126916e-01 1 2 1 0.000000e+00 
-2 2 0 4 1 4 0 2.773438e-01 1 5 0 1.516098e-01 2 4 0 5.710464e-01 1 4 1 0.000000e+00 
-1 2 0 4 1 3 0 7.170391e-01 0 3 0 1.377558e-01 1 4 0 1.452051e-01 1 3 1 0.000000e+00 
-2 3 0 4 1 5 0 3.512442e-01 1 6 0 2.021359e-02 2 5 0 6.285422e-01 1 5 1 0.000000e+00 
-1 3 0 4 0 4 0 3.171871e-02 0 5 0 7.710206e-02 1 4 0 8.911792e-01 0 4 1 0.000000e+00 
-2 4 0 4 2 6 0 5.724651e-01 2 5 0 1.160911e-01 1 6 0 3.114438e-01 2 6 1 0.000000e+00 
-1 4 0 4 1 5 0 8.883758e-01 1 4 0 1.356115e-02 0 5 0 9.806309e-02 1 5 1 0.000000e+00 
-2 5 0 4 2 6 0 5.975455e-03 1 6 0 2.747062e-01 2 7 0 7.193184e-01 2 6 1 0.000000e+00 
-1 5 0 4 1 5 0 2.060088e-02 0 5 0 8.953088e-02 1 6 0 8.898682e-01 1 5 1 0.000000e+00 
-2 6 0 4 2 7 0 2.132456e-01 1 7 0 2.198015e-01 2 8 0 5.669529e-01 2 7 1 0.000000e+00 
-1 6 0 4 1 6 0 1.285517e-01 0 6 0 7.367206e-02 1 7 0 7.977762e-01 1 6 1 0.000000e+00 
-2 7 0 4 2 8 0 4.246846e-01 1 8 0 1.703577e-01 2 9 0 4.049577e-01 2 8 1 0.000000e+00 
-1 7 0 4 1 7 0 2.391226e-01 0 7 0 5.978694e-02 1 8 0 7.010905e-01 1 7 1 0.000000e+00 
-2 8 0 4 2 9 0 6.397461e-01 1 9 0 1.256137e-01 2 10 0 2.346402e-01 2 9 1 0.000000e+00 
-1 8 0 4 1 8 0 3.519821e-01 0 8 0 4.753708e-02 1 9 0 6.004808e-01 1 8 1 0.000000e+00 
-2 9 0 4 1 10 0 2.108064e-02 1 11 0 6.041415e-02 2 10 0 9.185052e-01 1 10 1 0.000000e+00 
-1 9 0 4 1 9 0 4.668514e-01 0 9 0 3.665925e-02 1 10 0 4.964894e-01 1 9 1 0.000000e+00 
-2 10 0 4 2 10 0 7.902068e-02 1 10 0 5.058642e-02 2 11 0 8.703929e-01 2 10 1 0.000000e+00 
-1 10 0 4 1 10 0 5.835010e-01 0 10 0 2.694064e-02 1 11 0 3.895584e-01 1 10 1 0.000000e+00 
-2 11 0 4 2 11 0 3.027222e-01 1 11 0 1.462753e-02 2 12 0 6.826503e-01 2 11 1 0.000000e+00 
-1 11 0 4 1 11 0 7.017462e-01 0 11 0 1.820361e-02 1 12 0 2.800502e-01 1 11 1 0.000000e+00 
-2 -2 1 4 1 0 1 3.108361e-01 1 1 1 4.810230e-01 2 0 1 2.081408e-01 1 0 2 0.000000e+00 
-2 -1 1 4 1 1 1 2.271504e-01 1 2 1 4.377197e-01 2 1 1 3.351299e-01 1 1 2 0.000000e+00 
-1 -1 1 4 1 0 1 4.528319e-01 0 0 1 2.323474e-01 1 1 1 3.148207e-01 1 0 2 0.000000e+00 
-2 0 1 4 1 2 1 2.054844e-01 1 3 1 3.633576e-01 2 2 1 4.311580e-01 1 2 2 0.000000e+00 
-1 0 1 4 1 1 1 5.382091e-01 0 1 1 1.917921e-01 1 2 1 2.699988e-01 1 1 2 0.000000e+00 
-2 1 1 4 1 3 1 2.271474e-01 1 4 1 2.670643e-01 2 3 1 5.057884e-01 1 3 2 0.000000e+00 
-1 1 1 4 1 2 1 6.247470e-01 0 2 1 1.625613e-01 1 3 1 2.126916e-01 1 2 2 0.000000e+00 
-2 2 1 4 1 4 1 2.773438e-01 1 5 1 1.516098e-01 2 4 1 5.710464e-01 1 4 2 0.000000e+00 
-1 2 1 4 1 3 1 7.170391e-01 0 3 1 1.377558e-01 1 4 1 1.452051e-01 1 3 2 0.000000e+00 
-2 3 1 4 1 5 1 3.512442e-01 1 6 1 2.021359e-02 2 5 1 6.285422e-01 1 5 2 0.000000e+00 
-1 3 1 4 0 4 1 3.171871e-02 0 5 1 7.710206e-02 1 4 1 8.911792e-01 0 4 2 0.000000e+00 
-2 4 1 4 2 6 1 5.724651e-01 2 5 1 1.160911e-01 1 6 1 3.114438e-01 2 6 2 0.000000e+00 
-1 4 1 4 1 5 1 8.883758e-01 1 4 1 1.356115e-02 0 5 1 9.806309e-02 1 5 2 0.000000e+00 
-2 5 1 4 2 6 1 5.975455e-03 1 6 1 2.747062e-01 2 7 1 7.193184e-01 2 6 2 0.000000e+00 
-1 5 1 4 1 5 1 2.060088e-02 0 5 1 8.953088e-02 1 6 1 8.898682e-01 1 5 2 0.000000e+00 
-2 6 1 4 2 7 1 2.132456e-01 1 7 1 2.198015e-01 2 8 1 5.669529e-01 2 7 2 0.000000e+00 
-1 6 1 4 1 6 1 1.285517e-01 0 6 1 7.367206e-02 1 7 1 7.977762e-01 1 6 2 0.000000e+00 
-2 7 1 4 2 8 1 4.246846e-01 1 8 1 1.703577e-01 2 9 1 4.049577e-01 2 8 2 0.000000e+00 
-1 7 1 4 1 7 1 2.391226e-01 0 7 1 5.978694e-02 1 8 1 7.010905e-01 1 7 2 0.000000e+00 
-2 8 1 4 2 9 1 6.397461e-01 1 9 1 1.256137e-01 2 10 1 2.346402e-01 2 9 2 0.000000e+00 
-1 8 1 4 1 8 1 3.519821e-01 0 8 1 4.753708e-02 1 9 1 6.004808e-01 1 8 2 0.000000e+00 
-2 9 1 4 1 10 1 2.108064e-02 1 11 1 6.041415e-02 2 10 1 9.185052e-01 1 10 2 0.000000e+00 
-1 9 1 4 1 9 1 4.668514e-01 0 9 1 3.665925e-02 1 10 1 4.964894e-01 1 9 2 0.000000e+00 
-2 10 1 4 2 10 1 7.902068e-02 1 10 1 5.058642e-02 2 11 1 8.703929e-01 2 10 2 0.000000e+00 
-1 10 1 4 1 10 1 5.835010e-01 0 10 1 2.694064e-02 1 11 1 3.895584e-01 1 10 2 0.000000e+00 
-2 11 1 4 2 11 1 3.027222e-01 1 11 1 1.462753e-02 2 12 1 6.826503e-01 2 11 2 0.000000e+00 
-1 11 1 4 1 11 1 7.017462e-01 0 11 1 1.820361e-02 1 12 1 2.800502e-01 1 11 2 0.000000e+00 
-2 -2 4 4 1 0 4 3.108361e-01 1 1 4 4.810230e-01 2 0 4 2.081408e-01 1 0 5 0.000000e+00 
-2 -1 4 4 1 1 4 2.271504e-01 1 2 4 4.377197e-01 2 1 4 3.351299e-01 1 1 5 0.000000e+00 
-1 -1 4 4 1 0 4 4.528319e-01 0 0 4 2.323474e-01 1 1 4 3.148207e-01 1 0 5 0.000000e+00 
-2 0 4 4 1 2 4 2.054844e-01 1 3 4 3.633576e-01 2 2 4 4.311580e-01 1 2 5 0.000000e+00 
-1 0 4 4 1 1 4 5.382091e-01 0 1 4 1.917921e-01 1 2 4 2.699988e-01 1 1 5 0.000000e+00 
-2 1 4 4 1 3 4 2.271474e-01 1 4 4 2.670643e-01 2 3 4 5.057884e-01 1 3 5 0.000000e+00 
-1 1 4 4 1 2 4 6.247470e-01 0 2 4 1.625613e-01 1 3 4 2.126916e-01 1 2 5 0.000000e+00 
-2 2 4 4 1 4 4 2.773438e-01 1 5 4 1.516098e-01 2 4 4 5.710464e-01 1 4 5 0.000000e+00 
-1 2 4 4 1 3 4 7.170391e-01 0 3 4 1.377558e-01 1 4 4 1.452051e-01 1 3 5 0.000000e+00 
-2 3 4 4 1 5 4 3.512442e-01 1 6 4 2.021359e-02 2 5 4 6.285422e-01 1 5 5 0.000000e+00 
-1 3 4 4 0 4 4 3.171871e-02 0 5 4 7.710206e-02 1 4 4 8.911792e-01 0 4 5 0.000000e+00 
-2 4 4 4 2 6 4 5.724651e-01 2 5 4 1.160911e-01 1 6 4 3.114438e-01 2 6 5 0.000000e+00 
-1 4 4 4 1 5 4 8.883758e-01 1 4 4 1.356115e-02 0 5 4 9.806309e-02 1 5 5 0.000000e+00 
-2 5 4 4 2 6 4 5.975455e-03 1 6 4 2.747062e-01 2 7 4 7.193184e-01 2 6 5 0.000000e+00 
-1 5 4 4 1 5 4 2.060088e-02 0 5 4 8.953088e-02 1 6 4 8.898682e-01 1 5 5 0.000000e+00 
-2 6 4 4 2 7 4 2.132456e-01 1 7 4 2.198015e-01 2 8 4 5.669529e-01 2 7 5 0.000000e+00 
-1 6 4 4 1 6 4 1.285517e-01 0 6 4 7.367206e-02 1 7 4 7.977762e-01 1 6 5 0.000000e+00 
-2 7 4 4 2 8 4 4.246846e-01 1 8 4 1.703577e-01 2 9 4 4.049577e-01 2 8 5 0.000000e+00 
-1 7 4 4 1 7 4 2.391226e-01 0 7 4 5.978694e-02 1 8 4 7.010905e-01 1 7 5 0.000000e+00 
-2 8 4 4 2 9 4 6.397461e-01 1 9 4 1.256137e-01 2 10 4 2.346402e-01 2 9 5 0.000000e+00 
-1 8 4 4 1 8 4 3.519821e-01 0 8 4 4.753708e-02 1 9 4 6.004808e-01 1 8 5 0.000000e+00 
-2 9 4 4 1 10 4 2.108064e-02 1 11 4 6.041415e-02 2 10 4 9.185052e-01 1 10 5 0.000000e+00 
-1 9 4 4 1 9 4 4.668514e-01 0 9 4 3.665925e-02 1 10 4 4.964894e-01 1 9 5 0.000000e+00 
-2 10 4 4 2 10 4 7.902068e-02 1 10 4 5.058642e-02 2 11 4 8.703929e-01 2 10 5 0.000000e+00 
-1 10 4 4 1 10 4 5.835010e-01 0 10 4 2.694064e-02 1 11 4 3.895584e-01 1 10 5 0.000000e+00 
-2 11 4 4 2 11 4 3.027222e-01 1 11 4 1.462753e-02 2 12 4 6.826503e-01 2 11 5 0.000000e+00 
-1 11 4 4 1 11 4 7.017462e-01 0 11 4 1.820361e-02 1 12 4 2.800502e-01 1 11 5 0.000000e+00 
-2 -2 5 4 1 0 5 3.108361e-01 1 1 5 4.810230e-01 2 0 5 2.081408e-01 1 0 6 0.000000e+00 
-2 -1 5 4 1 1 5 2.271504e-01 1 2 5 4.377197e-01 2 1 5 3.351299e-01 1 1 6 0.000000e+00 
-1 -1 5 4 1 0 5 4.528319e-01 0 0 5 2.323474e-01 1 1 5 3.148207e-01 1 0 6 0.000000e+00 
-2 0 5 4 1 2 5 2.054844e-01 1 3 5 3.633576e-01 2 2 5 4.311580e-01 1 2 6 0.000000e+00 
-1 0 5 4 1 1 5 5.382091e-01 0 1 5 1.917921e-01 1 2 5 2.699988e-01 1 1 6 0.000000e+00 
-2 1 5 4 1 3 5 2.271474e-01 1 4 5 2.670643e-01 2 3 5 5.057884e-01 1 3 6 0.000000e+00 
-1 1 5 4 1 2 5 6.247470e-01 0 2 5 1.625613e-01 1 3 5 2.126916e-01 1 2 6 0.000000e+00 
-2 2 5 4 1 4 5 2.773438e-01 1 5 5 1.516098e-01 2 4 5 5.710464e-01 1 4 6 0.000000e+00 
-1 2 5 4 1 3 5 7.170391e-01 0 3 5 1.377558e-01 1 4 5 1.452051e-01 1 3 6 0.000000e+00 
-2 3 5 4 1 5 5 3.512442e-01 1 6 5 2.021359e-02 2 5 5 6.285422e-01 1 5 6 0.000000e+00 
-1 3 5 4 0 4 5 3.171871e-02 0 5 5 7.710206e-02 1 4 5 8.911792e-01 0 4 6 0.000000e+00 
-2 4 5 4 2 6 5 5.724651e-01 2 5 5 1.160911e-01 1 6 5 3.114438e-01 2 6 6 0.000000e+00 
-1 4 5 4 1 5 5 8.883758e-01 1 4 5 1.356115e-02 0 5 5 9.806309e-02 1 5 6 0.000000e+00 
-2 5 5 4 2 6 5 5.975455e-03 1 6 5 2.747062e-01 2 7 5 7.193184e-01 2 6 6 0.000000e+00 
-1 5 5 4 1 5 5 2.060088e-02 0 5 5 8.953088e-02 1 6 5 8.898682e-01 1 5 6 0.000000e+00 
-2 6 5 4 2 7 5 2.132456e-01 1 7 5 2.198015e-01 2 8 5 5.669529e-01 2 7 6 0.000000e+00 
-1 6 5 4 1 6 5 1.285517e-01 0 6 5 7.367206e-02 1 7 5 7.977762e-01 1 6 6 0.000000e+00 
-2 7 5 4 2 8 5 4.246846e-01 1 8 5 1.703577e-01 2 9 5 4.049577e-01 2 8 6 0.000000e+00 
-1 7 5 4 1 7 5 2.391226e-01 0 7 5 5.978694e-02 1 8 5 7.010905e-01 1 7 6 0.000000e+00 
-2 8 5 4 2 9 5 6.397461e-01 1 9 5 1.256137e-01 2 10 5 2.346402e-01 2 9 6 0.000000e+00 
-1 8 5 4 1 8 5 3.519821e-01 0 8 5 4.753708e-02 1 9 5 6.004808e-01 1 8 6 0.000000e+00 
-2 9 5 4 1 10 5 2.108064e-02 1 11 5 6.041415e-02 2 10 5 9.185052e-01 1 10 6 0.000000e+00 
-1 9 5 4 1 9 5 4.668514e-01 0 9 5 3.665925e-02 1 10 5 4.964894e-01 1 9 6 0.000000e+00 
-2 10 5 4 2 10 5 7.902068e-02 1 10 5 5.058642e-02 2 11 5 8.703929e-01 2 10 6 0.000000e+00 
-1 10 5 4 1 10 5 5.835010e-01 0 10 5 2.694064e-02 1 11 5 3.895584e-01 1 10 6 0.000000e+00 
-2 11 5 4 2 11 5 3.027222e-01 1 11 5 1.462753e-02 2 12 5 6.826503e-01 2 11 6 0.000000e+00 
-1 11 5 4 1 11 5 7.017462e-01 0 11 5 1.820361e-02 1 12 5 2.800502e-01 1 11 6 0.000000e+00 
-2 -2 10 4 1 0 10 3.108361e-01 1 1 10 4.810230e-01 2 0 10 2.081408e-01 1 0 11 0.000000e+00 
-2 -1 10 4 1 1 10 2.271504e-01 1 2 10 4.377197e-01 2 1 10 3.351299e-01 1 1 11 0.000000e+00 
-1 -1 10 4 1 0 10 4.528319e-01 0 0 10 2.323474e-01 1 1 10 3.148207e-01 1 0 11 0.000000e+00 
-2 0 10 4 1 2 10 2.054844e-01 1 3 10 3.633576e-01 2 2 10 4.311580e-01 1 2 11 0.000000e+00 
-1 0 10 4 1 1 10 5.382091e-01 0 1 10 1.917921e-01 1 2 10 2.699988e-01 1 1 11 0.000000e+00 
-2 1 10 4 1 3 10 2.271474e-01 1 4 10 2.670643e-01 2 3 10 5.057884e-01 1 3 11 0.000000e+00 
-1 1 10 4 1 2 10 6.247470e-01 0 2 10 1.625613e-01 1 3 10 2.126916e-01 1 2 11 0.000000e+00 
-2 2 10 4 1 4 10 2.773438e-01 1 5 10 1.516098e-01 2 4 10 5.710464e-01 1 4 11 0.000000e+00 
-1 2 10 4 1 3 10 7.170391e-01 0 3 10 1.377558e-01 1 4 10 1.452051e-01 1 3 11 0.000000e+00 
-2 3 10 4 1 5 10 3.512442e-01 1 6 10 2.021359e-02 2 5 10 6.285422e-01 1 5 11 0.000000e+00 
-1 3 10 4 0 4 10 3.171871e-02 0 5 10 7.710206e-02 1 4 10 8.911792e-01 0 4 11 0.000000e+00 
-2 4 10 4 2 6 10 5.724651e-01 2 5 10 1.160911e-01 1 6 10 3.114438e-01 2 6 11 0.000000e+00 
-1 4 10 4 1 5 10 8.883758e-01 1 4 10 1.356115e-02 0 5 10 9.806309e-02 1 5 11 0.000000e+00 
-2 5 10 4 2 6 10 5.975455e-03 1 6 10 2.747062e-01 2 7 10 7.193184e-01 2 6 11 0.000000e+00 
-1 5 10 4 1 5 10 2.060088e-02 0 5 10 8.953088e-02 1 6 10 8.898682e-01 1 5 11 0.000000e+00 
-2 6 10 4 2 7 10 2.132456e-01 1 7 10 2.198015e-01 2 8 10 5.669529e-01 2 7 11 0.000000e+00 
-1 6 10 4 1 6 10 1.285517e-01 0 6 10 7.367206e-02 1 7 10 7.977762e-01 1 6 11 0.000000e+00 
-2 7 10 4 2 8 10 4.246846e-01 1 8 10 1.703577e-01 2 9 10 4.049577e-01 2 8 11 0.000000e+00 
-1 7 10 4 1 7 10 2.391226e-01 0 7 10 5.978694e-02 1 8 10 7.010905e-01 1 7 11 0.000000e+00 
-2 8 10 4 2 9 10 6.397461e-01 1 9 10 1.256137e-01 2 10 10 2.346402e-01 2 9 11 0.000000e+00 
-1 8 10 4 1 8 10 3.519821e-01 0 8 10 4.753708e-02 1 9 10 6.004808e-01 1 8 11 0.000000e+00 
-2 9 10 4 1 10 10 2.108064e-02 1 11 10 6.041415e-02 2 10 10 9.185052e-01 1 10 11 0.000000e+00 
-1 9 10 4 1 9 10 4.668514e-01 0 9 10 3.665925e-02 1 10 10 4.964894e-01 1 9 11 0.000000e+00 
-2 10 10 4 2 10 10 7.902068e-02 1 10 10 5.058642e-02 2 11 10 8.703929e-01 2 10 11 0.000000e+00 
-1 10 10 4 1 10 10 5.835010e-01 0 10 10 2.694064e-02 1 11 10 3.895584e-01 1 10 11 0.000000e+00 
-2 11 10 4 2 11 10 3.027222e-01 1 11 10 1.462753e-02 2 12 10 6.826503e-01 2 11 11 0.000000e+00 
-1 11 10 4 1 11 10 7.017462e-01 0 11 10 1.820361e-02 1 12 10 2.800502e-01 1 11 11 0.000000e+00 
-2 -2 11 4 1 0 11 3.108361e-01 1 1 11 4.810230e-01 2 0 11 2.081408e-01 1 0 12 0.000000e+00 
-2 -1 11 4 1 1 11 2.271504e-01 1 2 11 4.377197e-01 2 1 11 3.351299e-01 1 1 12 0.000000e+00 
-1 -1 11 4 1 0 11 4.528319e-01 0 0 11 2.323474e-01 1 1 11 3.148207e-01 1 0 12 0.000000e+00 
-2 0 11 4 1 2 11 2.054844e-01 1 3 11 3.633576e-01 2 2 11 4.311580e-01 1 2 12 0.000000e+00 
-1 0 11 4 1 1 11 5.382091e-01 0 1 11 1.917921e-01 1 2 11 2.699988e-01 1 1 12 0.000000e+00 
-2 1 11 4 1 3 11 2.271474e-01 1 4 11 2.670643e-01 2 3 11 5.057884e-01 1 3 12 0.000000e+00 
-1 1 11 4 1 2 11 6.247470e-01 0 2 11 1.625613e-01 1 3 11 2.126916e-01 1 2 12 0.000000e+00 
-2 2 11 4 1 4 11 2.773438e-01 1 5 11 1.516098e-01 2 4 11 5.710464e-01 1 4 12 0.000000e+00 
-1 2 11 4 1 3 11 7.170391e-01 0 3 11 1.377558e-01 1 4 11 1.452051e-01 1 3 12 0.000000e+00 
-2 3 11 4 1 5 11 3.512442e-01 1 6 11 2.021359e-02 2 5 11 6.285422e-01 1 5 12 0.000000e+00 
-1 3 11 4 0 4 11 3.171871e-02 0 5 11 7.710206e-02 1 4 11 8.911792e-01 0 4 12 0.000000e+00 
-2 4 11 4 2 6 11 5.724651e-01 2 5 11 1.160911e-01 1 6 11 3.114438e-01 2 6 12 0.000000e+00 
-1 4 11 4 1 5 11 8.883758e-01 1 4 11 1.356115e-02 0 5 11 9.806309e-02 1 5 12 0.000000e+00 
-2 5 11 4 2 6 11 5.975455e-03 1 6 11 2.747062e-01 2 7 11 7.193184e-01 2 6 12 0.000000e+00 
-1 5 11 4 1 5 11 2.060088e-02 0 5 11 8.953088e-02 1 6 11 8.898682e-01 1 5 12 0.000000e+00 
-2 6 11 4 2 7 11 2.132456e-01 1 7 11 2.198015e-01 2 8 11 5.669529e-01 2 7 12 0.000000e+00 
-1 6 11 4 1 6 11 1.285517e-01 0 6 11 7.367206e-02 1 7 11 7.977762e-01 1 6 12 0.000000e+00 
-2 7 11 4 2 8 11 4.246846e-01 1 8 11 1.703577e-01 2 9 11 4.049577e-01 2 8 12 0.000000e+00 
-1 7 11 4 1 7 11 2.391226e-01 0 7 11 5.978694e-02 1 8 11 7.010905e-01 1 7 12 0.000000e+00 
-2 8 11 4 2 9 11 6.397461e-01 1 9 11 1.256137e-01 2 10 11 2.346402e-01 2 9 12 0.000000e+00 
-1 8 11 4 1 8 11 3.519821e-01 0 8 11 4.753708e-02 1 9 11 6.004808e-01 1 8 12 0.000000e+00 
-2 9 11 4 1 10 11 2.108064e-02 1 11 11 6.041415e-02 2 10 11 9.185052e-01 1 10 12 0.000000e+00 
-1 9 11 4 1 9 11 4.668514e-01 0 9 11 3.665925e-02 1 10 11 4.964894e-01 1 9 12 0.000000e+00 
-2 10 11 4 2 10 11 7.902068e-02 1 10 11 5.058642e-02 2 11 11 8.703929e-01 2 10 12 0.000000e+00 
-1 10 11 4 1 10 11 5.835010e-01 0 10 11 2.694064e-02 1 11 11 3.895584e-01 1 10 12 0.000000e+00 
-2 11 11 4 2 11 11 3.027222e-01 1 11 11 1.462753e-02 2 12 11 6.826503e-01 2 11 12 0.000000e+00 
-1 11 11 4 1 11 11 7.017462e-01 0 11 11 1.820361e-02 1 12 11 2.800502e-01 1 11 12 0.000000e+00 
-2 -2 13 4 1 0 13 3.108361e-01 1 1 13 4.810230e-01 2 0 13 2.081408e-01 1 0 14 0.000000e+00 
-2 -1 13 4 1 1 13 2.271504e-01 1 2 13 4.377197e-01 2 1 13 3.351299e-01 1 1 14 0.000000e+00 
-1 -1 13 4 1 0 13 4.528319e-01 0 0 13 2.323474e-01 1 1 13 3.148207e-01 1 0 14 0.000000e+00 
-2 0 13 4 1 2 13 2.054844e-01 1 3 13 3.633576e-01 2 2 13 4.311580e-01 1 2 14 0.000000e+00 
-1 0 13 4 1 1 13 5.382091e-01 0 1 13 1.917921e-01 1 2 13 2.699988e-01 1 1 14 0.000000e+00 
-2 1 13 4 1 3 13 2.271474e-01 1 4 13 2.670643e-01 2 3 13 5.057884e-01 1 3 14 0.000000e+00 
-1 1 13 4 1 2 13 6.247470e-01 0 2 13 1.625613e-01 1 3 13 2.126916e-01 1 2 14 0.000000e+00 
-2 2 13 4 1 4 13 2.773438e-01 1 5 13 1.516098e-01 2 4 13 5.710464e-01 1 4 14 0.000000e+00 
-1 2 13 4 1 3 13 7.170391e-01 0 3 13 1.377558e-01 1 4 13 1.452051e-01 1 3 14 0.000000e+00 
-2 3 13 4 1 5 13 3.512442e-01 1 6 13 2.021359e-02 2 5 13 6.285422e-01 1 5 14 0.000000e+00 
-1 3 13 4 0 4 13 3.171871e-02 0 5 13 7.710206e-02 1 4 13 8.911792e-01 0 4 14 0.000000e+00 
-2 4 13 4 2 6 13 5.724651e-01 2 5 13 1.160911e-01 1 6 13 3.114438e-01 2 6 14 0.000000e+00 
-1 4 13 4 1 5 13 8.883758e-01 1 4 13 1.356115e-02 0 5 13 9.806309e-02 1 5 14 0.000000e+00 
-2 5 13 4 2 6 13 5.975455e-03 1 6 13 2.747062e-01 2 7 13 7.193184e-01 2 6 14 0.000000e+00 
-1 5 13 4 1 5 13 2.060088e-02 0 5 13 8.953088e-02 1 6 13 8.898682e-01 1 5 14 0.000000e+00 
-2 6 13 4 2 7 13 2.132456e-01 1 7 13 2.198015e-01 2 8 13 5.669529e-01 2 7 14 0.000000e+00 
-1 6 13 4 1 6 13 1.285517e-01 0 6 13 7.367206e-02 1 7 13 7.977762e-01 1 6 14 0.000000e+00 
-2 7 13 4 2 8 13 4.246846e-01 1 8 13 1.703577e-01 2 9 13 4.049577e-01 2 8 14 0.000000e+00 
-1 7 13 4 1 7 13 2.391226e-01 0 7 13 5.978694e-02 1 8 13 7.010905e-01 1 7 14 0.000000e+00 
-2 8 13 4 2 9 13 6.397461e-01 1 9 13 1.256137e-01 2 10 13 2.346402e-01 2 9 14 0.000000e+00 
-1 8 13 4 1 8 13 3.519821e-01 0 8 13 4.753708e-02 1 9 13 6.004808e-01 1 8 14 0.000000e+00 
-2 9 13 4 1 10 13 2.108064e-02 1 11 13 6.041415e-02 2 10 13 9.185052e-01 1 10 14 0.000000e+00 
-1 9 13 4 1 9 13 4.668514e-01 0 9 13 3.665925e-02 1 10 13 4.964894e-01 1 9 14 0.000000e+00 
-2 10 13 4 2 10 13 7.902068e-02 1 10 13 5.058642e-02 2 11 13 8.703929e-01 2 10 14 0.000000e+00 
-1 10 13 4 1 10 13 5.835010e-01 0 10 13 2.694064e-02 1 11 13 3.895584e-01 1 10 14 0.000000e+00 
-2 11 13 4 2 11 13 3.027222e-01 1 11 13 1.462753e-02 2 12 13 6.826503e-01 2 11 14 0.000000e+00 
-1 11 13 4 1 11 13 7.017462e-01 0 11 13 1.820361e-02 1 12 13 2.800502e-01 1 11 14 0.000000e+00 
-2 -2 6 4 1 0 6 3.108361e-01 1 1 6 4.810230e-01 2 0 6 2.081408e-01 1 0 7 0.000000e+00 
-2 -1 6 4 1 1 6 2.271504e-01 1 2 6 4.377197e-01 2 1 6 3.351299e-01 1 1 7 0.000000e+00 
-1 -1 6 4 1 0 6 4.528319e-01 0 0 6 2.323474e-01 1 1 6 3.148207e-01 1 0 7 0.000000e+00 
-2 0 6 4 1 2 6 2.054844e-01 1 3 6 3.633576e-01 2 2 6 4.311580e-01 1 2 7 0.000000e+00 
-1 0 6 4 1 1 6 5.382091e-01 0 1 6 1.917921e-01 1 2 6 2.699988e-01 1 1 7 0.000000e+00 
-2 1 6 4 1 3 6 2.271474e-01 1 4 6 2.670643e-01 2 3 6 5.057884e-01 1 3 7 0.000000e+00 
-1 1 6 4 1 2 6 6.247470e-01 0 2 6 1.625613e-01 1 3 6 2.126916e-01 1 2 7 0.000000e+00 
-2 2 6 4 1 4 6 2.773438e-01 1 5 6 1.516098e-01 2 4 6 5.710464e-01 1 4 7 0.000000e+00 
-1 2 6 4 1 3 6 7.170391e-01 0 3 6 1.377558e-01 1 4 6 1.452051e-01 1 3 7 0.000000e+00 
-2 3 6 4 1 5 6 3.512442e-01 1 6 6 2.021359e-02 2 5 6 6.285422e-01 1 5 7 0.000000e+00 
-1 3 6 4 0 4 6 3.171871e-02 0 5 6 7.710206e-02 1 4 6 8.911792e-01 0 4 7 0.000000e+00 
-2 4 6 4 2 6 6 5.724651e-01 2 5 6 1.160911e-01 1 6 6 3.114438e-01 2 6 7 0.000000e+00 
-1 4 6 4 1 5 6 8.883758e-01 1 4 6 1.356115e-02 0 5 6 9.806309e-02 1 5 7 0.000000e+00 
-2 5 6 4 2 6 6 5.975455e-03 1 6 6 2.747062e-01 2 7 6 7.193184e-01 2 6 7 0.000000e+00 
-1 5 6 4 1 5 6 2.060088e-02 0 5 6 8.953088e-02 1 6 6 8.898682e-01 1 5 7 0.000000e+00 
-2 6 6 4 2 7 6 2.132456e-01 1 7 6 2.198015e-01 2 8 6 5.669529e-01 2 7 7 0.000000e+00 
-1 6 6 4 1 6 6 1.285517e-01 0 6 6 7.367206e-02 1 7 6 7.977762e-01 1 6 7 0.000000e+00 
-2 7 6 4 2 8 6 4.246846e-01 1 8 6 1.703577e-01 2 9 6 4.049577e-01 2 8 7 0.000000e+00 
-1 7 6 4 1 7 6 2.391226e-01 0 7 6 5.978694e-02 1 8 6 7.010905e-01 1 7 7 0.000000e+00 
-2 8 6 4 2 9 6 6.397461e-01 1 9 6 1.256137e-01 2 10 6 2.346402e-01 2 9 7 0.000000e+00 
-1 8 6 4 1 8 6 3.519821e-01 0 8 6 4.753708e-02 1 9 6 6.004808e-01 1 8 7 0.000000e+00 
-2 9 6 4 1 10 6 2.108064e-02 1 11 6 6.041415e-02 2 10 6 9.185052e-01 1 10 7 0.000000e+00 
-1 9 6 4 1 9 6 4.668514e-01 0 9 6 3.665925e-02 1 10 6 4.964894e-01 1 9 7 0.000000e+00 
-2 10 6 4 2 10 6 7.902068e-02 1 10 6 5.058642e-02 2 11 6 8.703929e-01 2 10 7 0.000000e+00 
-1 10 6 4 1 10 6 5.835010e-01 0 10 6 2.694064e-02 1 11 6 3.895584e-01 1 10 7 0.000000e+00 
-2 11 6 4 2 11 6 3.027222e-01 1 11 6 1.462753e-02 2 12 6 6.826503e-01 2 11 7 0.000000e+00 
-1 11 6 4 1 11 6 7.017462e-01 0 11 6 1.820361e-02 1 12 6 2.800502e-01 1 11 7 0.000000e+00 
-2 -2 7 4 1 0 7 3.108361e-01 1 1 7 4.810230e-01 2 0 7 2.081408e-01 1 0 8 0.000000e+00 
-2 -1 7 4 1 1 7 2.271504e-01 1 2 7 4.377197e-01 2 1 7 3.351299e-01 1 1 8 0.000000e+00 
-1 -1 7 4 1 0 7 4.528319e-01 0 0 7 2.323474e-01 1 1 7 3.148207e-01 1 0 8 0.000000e+00 
-2 0 7 4 1 2 7 2.054844e-01 1 3 7 3.633576e-01 2 2 7 4.311580e-01 1 2 8 0.000000e+00 
-1 0 7 4 1 1 7 5.382091e-01 0 1 7 1.917921e-01 1 2 7 2.699988e-01 1 1 8 0.000000e+00 
-2 1 7 4 1 3 7 2.271474e-01 1 4 7 2.670643e-01 2 3 7 5.057884e-01 1 3 8 0.000000e+00 
-1 1 7 4 1 2 7 6.247470e-01 0 2 7 1.625613e-01 1 3 7 2.126916e-01 1 2 8 0.000000e+00 
-2 2 7 4 1 4 7 2.773438e-01 1 5 7 1.516098e-01 2 4 7 5.710464e-01 1 4 8 0.000000e+00 
-1 2 7 4 1 3 7 7.170391e-01 0 3 7 1.377558e-01 1 4 7 1.452051e-01 1 3 8 0.000000e+00 
-2 3 7 4 1 5 7 3.512442e-01 1 6 7 2.021359e-02 2 5 7 6.285422e-01 1 5 8 0.000000e+00 
-1 3 7 4 0 4 7 3.171871e-02 0 5 7 7.710206e-02 1 4 7 8.911792e-01 0 4 8 0.000000e+00 
-2 4 7 4 2 6 7 5.724651e-01 2 5 7 1.160911e-01 1 6 7 3.114438e-01 2 6 8 0.000000e+00 
-1 4 7 4 1 5 7 8.883758e-01 1 4 7 1.356115e-02 0 5 7 9.806309e-02 1 5 8 0.000000e+00 
-2 5 7 4 2 6 7 5.975455e-03 1 6 7 2.747062e-01 2 7 7 7.193184e-01 2 6 8 0.000000e+00 
-1 5 7 4 1 5 7 2.060088e-02 0 5 7 8.953088e-02 1 6 7 8.898682e-01 1 5 8 0.000000e+00 
-2 6 7 4 2 7 7 2.132456e-01 1 7 7 2.198015e-01 2 8 7 5.669529e-01 2 7 8 0.000000e+00 
-1 6 7 4 1 6 7 1.285517e-01 0 6 7 7.367206e-02 1 7 7 7.977762e-01 1 6 8 0.000000e+00 
-2 7 7 4 2 8 7 4.246846e-01 1 8 7 1.703577e-01 2 9 7 4.049577e-01 2 8 8 0.000000e+00 
-1 7 7 4 1 7 7 2.391226e-01 0 7 7 5.978694e-02 1 8 7 7.010905e-01 1 7 8 0.000000e+00 
-2 8 7 4 2 9 7 6.397461e-01 1 9 7 1.256137e-01 2 10 7 2.346402e-01 2 9 8 0.000000e+00 
-1 8 7 4 1 8 7 3.519821e-01 0 8 7 4.753708e-02 1 9 7 6.004808e-01 1 8 8 0.000000e+00 
-2 9 7 4 1 10 7 2.108064e-02 1 11 7 6.041415e-02 2 10 7 9.185052e-01 1 10 8 0.000000e+00 
-1 9 7 4 1 9 7 4.668514e-01 0 9 7 3.665925e-02 1 10 7 4.964894e-01 1 9 8 0.000000e+00 
-2 10 7 4 2 10 7 7.902068e-02 1 10 7 5.058642e-02 2 11 7 8.703929e-01 2 10 8 0.000000e+00 
-1 10 7 4 1 10 7 5.835010e-01 0 10 7 2.694064e-02 1 11 7 3.895584e-01 1 10 8 0.000000e+00 
-2 11 7 4 2 11 7 3.027222e-01 1 11 7 1.462753e-02 2 12 7 6.826503e-01 2 11 8 0.000000e+00 
-1 11 7 4 1 11 7 7.017462e-01 0 11 7 1.820361e-02 1 12 7 2.800502e-01 1 11 8 0.000000e+00 
-2 -2 12 4 1 0 12 3.108361e-01 1 1 12 4.810230e-01 2 0 12 2.081408e-01 1 0 13 0.000000e+00 
-2 -1 12 4 1 1 12 2.271504e-01 1 2 12 4.377197e-01 2 1 12 3.351299e-01 1 1 13 0.000000e+00 
-1 -1 12 4 1 0 12 4.528319e-01 0 0 12 2.323474e-01 1 1 12 3.148207e-01 1 0 13 0.000000e+00 
-2 0 12 4 1 2 12 2.054844e-01 1 3 12 3.633576e-01 2 2 12 4.311580e-01 1 2 13 0.000000e+00 
-1 0 12 4 1 1 12 5.382091e-01 0 1 12 1.917921e-01 1 2 12 2.699988e-01 1 1 13 0.000000e+00 
-2 1 12 4 1 3 12 2.271474e-01 1 4 12 2.670643e-01 2 3 12 5.057884e-01 1 3 13 0.000000e+00 
-1 1 12 4 1 2 12 6.247470e-01 0 2 12 1.625613e-01 1 3 12 2.126916e-01 1 2 13 0.000000e+00 
-2 2 12 4 1 4 12 2.773438e-01 1 5 12 1.516098e-01 2 4 12 5.710464e-01 1 4 13 0.000000e+00 
-1 2 12 4 1 3 12 7.170391e-01 0 3 12 1.377558e-01 1 4 12 1.452051e-01 1 3 13 0.000000e+00 
-2 3 12 4 1 5 12 3.512442e-01 1 6 12 2.021359e-02 2 5 12 6.285422e-01 1 5 13 0.000000e+00 
-1 3 12 4 0 4 12 3.171871e-02 0 5 12 7.710206e-02 1 4 12 8.911792e-01 0 4 13 0.000000e+00 
-2 4 12 4 2 6 12 5.724651e-01 2 5 12 1.160911e-01 1 6 12 3.114438e-01 2 6 13 0.000000e+00 
-1 4 12 4 1 5 12 8.883758e-01 1 4 12 1.356115e-02 0 5 12 9.806309e-02 1 5 13 0.000000e+00 
-2 5 12 4 2 6 12 5.975455e-03 1 6 12 2.747062e-01 2 7 12 7.193184e-01 2 6 13 0.000000e+00 
-1 5 12 4 1 5 12 2.060088e-02 0 5 12 8.953088e-02 1 6 12 8.898682e-01 1 5 13 0.000000e+00 
-2 6 12 4 2 7 12 2.132456e-01 1 7 12 2.198015e-01 2 8 12 5.669529e-01 2 7 13 0.000000e+00 
-1 6 12 4 1 6 12 1.285517e-01 0 6 12 7.367206e-02 1 7 12 7.977762e-01 1 6 13 0.000000e+00 
-2 7 12 4 2 8 12 4.246846e-01 1 8 12 1.703577e-01 2 9 12 4.049577e-01 2 8 13 0.000000e+00 
-1 7 12 4 1 7 12 2.391226e-01 0 7 12 5.978694e-02 1 8 12 7.010905e-01 1 7 13 0.000000e+00 
-2 8 12 4 2 9 12 6.397461e-01 1 9 12 1.256137e-01 2 10 12 2.346402e-01 2 9 13 0.000000e+00 
-1 8 12 4 1 8 12 3.519821e-01 0 8 12 4.753708e-02 1 9 12 6.004808e-01 1 8 13 0.000000e+00 
-2 9 12 4 1 10 12 2.108064e-02 1 11 12 6.041415e-02 2 10 12 9.185052e-01 1 10 13 0.000000e+00 
-1 9 12 4 1 9 12 4.668514e-01 0 9 12 3.665925e-02 1 10 12 4.964894e-01 1 9 13 0.000000e+00 
-2 10 12 4 2 10 12 7.902068e-02 1 10 12 5.058642e-02 2 11 12 8.703929e-01 2 10 13 0.000000e+00 
-1 10 12 4 1 10 12 5.835010e-01 0 10 12 2.694064e-02 1 11 12 3.895584e-01 1 10 13 0.000000e+00 
-2 11 12 4 2 11 12 3.027222e-01 1 11 12 1.462753e-02 2 12 12 6.826503e-01 2 11 13 0.000000e+00 
-1 11 12 4 1 11 12 7.017462e-01 0 11 12 1.820361e-02 1 12 12 2.800502e-01 1 11 13 0.000000e+00 
-2 -2 2 4 1 0 2 3.108361e-01 1 1 2 4.810230e-01 2 0 2 2.081408e-01 1 0 3 0.000000e+00 
-2 -1 2 4 1 1 2 2.271504e-01 1 2 2 4.377197e-01 2 1 2 3.351299e-01 1 1 3 0.000000e+00 
-1 -1 2 4 1 0 2 4.528319e-01 0 0 2 2.323474e-01 1 1 2 3.148207e-01 1 0 3 0.000000e+00 
-2 0 2 4 1 2 2 2.054844e-01 1 3 2 3.633576e-01 2 2 2 4.311580e-01 1 2 3 0.000000e+00 
-1 0 2 4 1 1 2 5.382091e-01 0 1 2 1.917921e-01 1 2 2 2.699988e-01 1 1 3 0.000000e+00 
-2 1 2 4 1 3 2 2.271474e-01 1 4 2 2.670643e-01 2 3 2 5.057884e-01 1 3 3 0.000000e+00 
-1 1 2 4 1 2 2 6.247470e-01 0 2 2 1.625613e-01 1 3 2 2.126916e-01 1 2 3 0.000000e+00 
-2 2 2 4 1 4 2 2.773438e-01 1 5 2 1.516098e-01 2 4 2 5.710464e-01 1 4 3 0.000000e+00 
-1 2 2 4 1 3 2 7.170391e-01 0 3 2 1.377558e-01 1 4 2 1.452051e-01 1 3 3 0.000000e+00 
-2 3 2 4 1 5 2 3.512442e-01 1 6 2 2.021359e-02 2 5 2 6.285422e-01 1 5 3 0.000000e+00 
-1 3 2 4 0 4 2 3.171871e-02 0 5 2 7.710206e-02 1 4 2 8.911792e-01 0 4 3 0.000000e+00 
-2 4 2 4 2 6 2 5.724651e-01 2 5 2 1.160911e-01 1 6 2 3.114438e-01 2 6 3 0.000000e+00 
-1 4 2 4 1 5 2 8.883758e-01 1 4 2 1.356115e-02 0 5 2 9.806309e-02 1 5 3 0.000000e+00 
-2 5 2 4 2 6 2 5.975455e-03 1 6 2 2.747062e-01 2 7 2 7.193184e-01 2 6 3 0.000000e+00 
-1 5 2 4 1 5 2 2.060088e-02 0 5 2 8.953088e-02 1 6 2 8.898682e-01 1 5 3 0.000000e+00 
-2 6 2 4 2 7 2 2.132456e-01 1 7 2 2.198015e-01 2 8 2 5.669529e-01 2 7 3 0.000000e+00 
-1 6 2 4 1 6 2 1.285517e-01 0 6 2 7.367206e-02 1 7 2 7.977762e-01 1 6 3 0.000000e+00 
-2 7 2 4 2 8 2 4.246846e-01 1 8 2 1.703577e-01 2 9 2 4.049577e-01 2 8 3 0.000000e+00 
-1 7 2 4 1 7 2 2.391226e-01 0 7 2 5.978694e-02 1 8 2 7.010905e-01 1 7 3 0.000000e+00 
-2 8 2 4 2 9 2 6.397461e-01 1 9 2 1.256137e-01 2 10 2 2.346402e-01 2 9 3 0.000000e+00 
-1 8 2 4 1 8 2 3.519821e-01 0 8 2 4.753708e-02 1 9 2 6.004808e-01 1 8 3 0.000000e+00 
-2 9 2 4 1 10 2 2.108064e-02 1 11 2 6.041415e-02 2 10 2 9.185052e-01 1 10 3 0.000000e+00 
-1 9 2 4 1 9 2 4.668514e-01 0 9 2 3.665925e-02 1 10 2 4.964894e-01 1 9 3 0.000000e+00 
-2 10 2 4 2 10 2 7.902068e-02 1 10 2 5.058642e-02 2 11 2 8.703929e-01 2 10 3 0.000000e+00 
-1 10 2 4 1 10 2 5.835010e-01 0 10 2 2.694064e-02 1 11 2 3.895584e-01 1 10 3 0.000000e+00 
-2 11 2 4 2 11 2 3.027222e-01 1 11 2 1.462753e-02 2 12 2 6.826503e-01 2 11 3 0.000000e+00 
-1 11 2 4 1 11 2 7.017462e-01 0 11 2 1.820361e-02 1 12 2 2.800502e-01 1 11 3 0.000000e+00 
-2 -2 3 4 1 0 3 3.108361e-01 1 1 3 4.810230e-01 2 0 3 2.081408e-01 1 0 4 0.000000e+00 
-2 -1 3 4 1 1 3 2.271504e-01 1 2 3 4.377197e-01 2 1 3 3.351299e-01 1 1 4 0.000000e+00 
-1 -1 3 4 1 0 3 4.528319e-01 0 0 3 2.323474e-01 1 1 3 3.148207e-01 1 0 4 0.000000e+00 
-2 0 3 4 1 2 3 2.054844e-01 1 3 3 3.633576e-01 2 2 3 4.311580e-01 1 2 4 0.000000e+00 
-1 0 3 4 1 1 3 5.382091e-01 0 1 3 1.917921e-01 1 2 3 2.699988e-01 1 1 4 0.000000e+00 
-2 1 3 4 1 3 3 2.271474e-01 1 4 3 2.670643e-01 2 3 3 5.057884e-01 1 3 4 0.000000e+00 
-1 1 3 4 1 2 3 6.247470e-01 0 2 3 1.625613e-01 1 3 3 2.126916e-01 1 2 4 0.000000e+00 
-2 2 3 4 1 4 3 2.773438e-01 1 5 3 1.516098e-01 2 4 3 5.710464e-01 1 4 4 0.000000e+00 
-1 2 3 4 1 3 3 7.170391e-01 0 3 3 1.377558e-01 1 4 3 1.452051e-01 1 3 4 0.000000e+00 
-2 3 3 4 1 5 3 3.512442e-01 1 6 3 2.021359e-02 2 5 3 6.285422e-01 1 5 4 0.000000e+00 
-1 3 3 4 0 4 3 3.171871e-02 0 5 3 7.710206e-02 1 4 3 8.911792e-01 0 4 4 0.000000e+00 
-2 4 3 4 2 6 3 5.724651e-01 2 5 3 1.160911e-01 1 6 3 3.114438e-01 2 6 4 0.000000e+00 
-1 4 3 4 1 5 3 8.883758e-01 1 4 3 1.356115e-02 0 5 3 9.806309e-02 1 5 4 0.000000e+00 
-2 5 3 4 2 6 3 5.975455e-03 1 6 3 2.747062e-01 2 7 3 7.193184e-01 2 6 4 0.000000e+00 
-1 5 3 4 1 5 3 2.060088e-02 0 5 3 8.953088e-02 1 6 3 8.898682e-01 1 5 4 0.000000e+00 
-2 6 3 4 2 7 3 2.132456e-01 1 7 3 2.198015e-01 2 8 3 5.669529e-01 2 7 4 0.000000e+00 
-1 6 3 4 1 6 3 1.285517e-01 0 6 3 7.367206e-02 1 7 3 7.977762e-01 1 6 4 0.000000e+00 
-2 7 3 4 2 8 3 4.246846e-01 1 8 3 1.703577e-01 2 9 3 4.049577e-01 2 8 4 0.000000e+00 
-1 7 3 4 1 7 3 2.391226e-01 0 7 3 5.978694e-02 1 8 3 7.010905e-01 1 7 4 0.000000e+00 
-2 8 3 4 2 9 3 6.397461e-01 1 9 3 1.256137e-01 2 10 3 2.346402e-01 2 9 4 0.000000e+00 
-1 8 3 4 1 8 3 3.519821e-01 0 8 3 4.753708e-02 1 9 3 6.004808e-01 1 8 4 0.000000e+00 
-2 9 3 4 1 10 3 2.108064e-02 1 11 3 6.041415e-02 2 10 3 9.185052e-01 1 10 4 0.000000e+00 
-1 9 3 4 1 9 3 4.668514e-01 0 9 3 3.665925e-02 1 10 3 4.964894e-01 1 9 4 0.000000e+00 
-2 10 3 4 2 10 3 7.902068e-02 1 10 3 5.058642e-02 2 11 3 8.703929e-01 2 10 4 0.000000e+00 
-1 10 3 4 1 10 3 5.835010e-01 0 10 3 2.694064e-02 1 11 3 3.895584e-01 1 10 4 0.000000e+00 
-2 11 3 4 2 11 3 3.027222e-01 1 11 3 1.462753e-02 2 12 3 6.826503e-01 2 11 4 0.000000e+00 
-1 11 3 4 1 11 3 7.017462e-01 0 11 3 1.820361e-02 1 12 3 2.800502e-01 1 11 4 0.000000e+00 
