right
3D
360
23 0 10 1 0 0 10 1.000000e+00 
23 1 10 1 1 0 10 1.000000e+00 
23 2 10 1 2 0 10 1.000000e+00 
23 3 10 1 3 0 10 1.000000e+00 
23 4 10 1 4 0 10 1.000000e+00 
23 5 10 1 5 0 10 1.000000e+00 
23 6 10 1 6 0 10 1.000000e+00 
23 7 10 1 7 0 10 1.000000e+00 
23 8 10 1 8 0 10 1.000000e+00 
23 9 10 1 9 0 10 1.000000e+00 
23 10 10 1 10 0 10 1.000000e+00 
23 11 10 1 11 0 10 1.000000e+00 
23 12 10 1 12 0 10 1.000000e+00 
23 13 10 1 13 0 10 1.000000e+00 
23 14 10 1 14 0 10 1.000000e+00 
23 15 10 1 15 0 10 1.000000e+00 
23 16 10 1 16 0 10 1.000000e+00 
23 17 10 1 17 0 10 1.000000e+00 
23 18 10 1 18 0 10 1.000000e+00 
23 19 10 1 19 0 10 1.000000e+00 
23 20 10 1 20 0 10 1.000000e+00 
23 21 10 1 21 0 10 1.000000e+00 
23 22 10 1 22 0 10 1.000000e+00 
23 23 10 1 23 0 10 1.000000e+00 
23 0 11 1 0 0 11 1.000000e+00 
23 1 11 1 1 0 11 1.000000e+00 
23 2 11 1 2 0 11 1.000000e+00 
23 3 11 1 3 0 11 1.000000e+00 
23 4 11 1 4 0 11 1.000000e+00 
23 5 11 1 5 0 11 1.000000e+00 
23 6 11 1 6 0 11 1.000000e+00 
23 7 11 1 7 0 11 1.000000e+00 
23 8 11 1 8 0 11 1.000000e+00 
23 9 11 1 9 0 11 1.000000e+00 
23 10 11 1 10 0 11 1.000000e+00 
23 11 11 1 11 0 11 1.000000e+00 
23 12 11 1 12 0 11 1.000000e+00 
23 13 11 1 13 0 11 1.000000e+00 
23 14 11 1 14 0 11 1.000000e+00 
23 15 11 1 15 0 11 1.000000e+00 
23 16 11 1 16 0 11 1.000000e+00 
23 17 11 1 17 0 11 1.000000e+00 
23 18 11 1 18 0 11 1.000000e+00 
23 19 11 1 19 0 11 1.000000e+00 
23 20 11 1 20 0 11 1.000000e+00 
23 21 11 1 21 0 11 1.000000e+00 
23 22 11 1 22 0 11 1.000000e+00 
23 23 11 1 23 0 11 1.000000e+00 
23 0 8 1 0 0 8 1.000000e+00 
23 1 8 1 1 0 8 1.000000e+00 
23 2 8 1 2 0 8 1.000000e+00 
23 3 8 1 3 0 8 1.000000e+00 
23 4 8 1 4 0 8 1.000000e+00 
23 5 8 1 5 0 8 1.000000e+00 
23 6 8 1 6 0 8 1.000000e+00 
23 7 8 1 7 0 8 1.000000e+00 
23 8 8 1 8 0 8 1.000000e+00 
23 9 8 1 9 0 8 1.000000e+00 
23 10 8 1 10 0 8 1.000000e+00 
23 11 8 1 11 0 8 1.000000e+00 
23 12 8 1 12 0 8 1.000000e+00 
23 13 8 1 13 0 8 1.000000e+00 
23 14 8 1 14 0 8 1.000000e+00 
23 15 8 1 15 0 8 1.000000e+00 
23 16 8 1 16 0 8 1.000000e+00 
23 17 8 1 17 0 8 1.000000e+00 
23 18 8 1 18 0 8 1.000000e+00 
23 19 8 1 19 0 8 1.000000e+00 
23 20 8 1 20 0 8 1.000000e+00 
23 21 8 1 21 0 8 1.000000e+00 
23 22 8 1 22 0 8 1.000000e+00 
23 23 8 1 23 0 8 1.000000e+00 
23 0 9 1 0 0 9 1.000000e+00 
23 1 9 1 1 0 9 1.000000e+00 
23 2 9 1 2 0 9 1.000000e+00 
23 3 9 1 3 0 9 1.000000e+00 
23 4 9 1 4 0 9 1.000000e+00 
23 5 9 1 5 0 9 1.000000e+00 
23 6 9 1 6 0 9 1.000000e+00 
23 7 9 1 7 0 9 1.000000e+00 
23 8 9 1 8 0 9 1.000000e+00 
23 9 9 1 9 0 9 1.000000e+00 
23 10 9 1 10 0 9 1.000000e+00 
23 11 9 1 11 0 9 1.000000e+00 
23 12 9 1 12 0 9 1.000000e+00 
23 13 9 1 13 0 9 1.000000e+00 
23 14 9 1 14 0 9 1.000000e+00 
23 15 9 1 15 0 9 1.000000e+00 
23 16 9 1 16 0 9 1.000000e+00 
23 17 9 1 17 0 9 1.000000e+00 
23 18 9 1 18 0 9 1.000000e+00 
23 19 9 1 19 0 9 1.000000e+00 
23 20 9 1 20 0 9 1.000000e+00 
23 21 9 1 21 0 9 1.000000e+00 
23 22 9 1 22 0 9 1.000000e+00 
23 23 9 1 23 0 9 1.000000e+00 
23 0 4 1 0 0 4 1.000000e+00 
23 1 4 1 1 0 4 1.000000e+00 
23 2 4 1 2 0 4 1.000000e+00 
23 3 4 1 3 0 4 1.000000e+00 
23 4 4 1 4 0 4 1.000000e+00 
23 5 4 1 5 0 4 1.000000e+00 
23 6 4 1 6 0 4 1.000000e+00 
23 7 4 1 7 0 4 1.000000e+00 
23 8 4 1 8 0 4 1.000000e+00 
23 9 4 1 9 0 4 1.000000e+00 
23 10 4 1 10 0 4 1.000000e+00 
23 11 4 1 11 0 4 1.000000e+00 
23 12 4 1 12 0 4 1.000000e+00 
23 13 4 1 13 0 4 1.000000e+00 
23 14 4 1 14 0 4 1.000000e+00 
23 15 4 1 15 0 4 1.000000e+00 
23 16 4 1 16 0 4 1.000000e+00 
23 17 4 1 17 0 4 1.000000e+00 
23 18 4 1 18 0 4 1.000000e+00 
23 19 4 1 19 0 4 1.000000e+00 
23 20 4 1 20 0 4 1.000000e+00 
23 21 4 1 21 0 4 1.000000e+00 
23 22 4 1 22 0 4 1.000000e+00 
23 23 4 1 23 0 4 1.000000e+00 
23 0 5 1 0 0 5 1.000000e+00 
23 1 5 1 1 0 5 1.000000e+00 
23 2 5 1 2 0 5 1.000000e+00 
23 3 5 1 3 0 5 1.000000e+00 
23 4 5 1 4 0 5 1.000000e+00 
23 5 5 1 5 0 5 1.000000e+00 
23 6 5 1 6 0 5 1.000000e+00 
23 7 5 1 7 0 5 1.000000e+00 
23 8 5 1 8 0 5 1.000000e+00 
23 9 5 1 9 0 5 1.000000e+00 
23 10 5 1 10 0 5 1.000000e+00 
23 11 5 1 11 0 5 1.000000e+00 
23 12 5 1 12 0 5 1.000000e+00 
23 13 5 1 13 0 5 1.000000e+00 
23 14 5 1 14 0 5 1.000000e+00 
23 15 5 1 15 0 5 1.000000e+00 
23 16 5 1 16 0 5 1.000000e+00 
23 17 5 1 17 0 5 1.000000e+00 
23 18 5 1 18 0 5 1.000000e+00 
23 19 5 1 19 0 5 1.000000e+00 
23 20 5 1 20 0 5 1.000000e+00 
23 21 5 1 21 0 5 1.000000e+00 
23 22 5 1 22 0 5 1.000000e+00 
23 23 5 1 23 0 5 1.000000e+00 
23 0 2 1 0 0 2 1.000000e+00 
23 1 2 1 1 0 2 1.000000e+00 
23 2 2 1 2 0 2 1.000000e+00 
23 3 2 1 3 0 2 1.000000e+00 
23 4 2 1 4 0 2 1.000000e+00 
23 5 2 1 5 0 2 1.000000e+00 
23 6 2 1 6 0 2 1.000000e+00 
23 7 2 1 7 0 2 1.000000e+00 
23 8 2 1 8 0 2 1.000000e+00 
23 9 2 1 9 0 2 1.000000e+00 
23 10 2 1 10 0 2 1.000000e+00 
23 11 2 1 11 0 2 1.000000e+00 
23 12 2 1 12 0 2 1.000000e+00 
23 13 2 1 13 0 2 1.000000e+00 
23 14 2 1 14 0 2 1.000000e+00 
23 15 2 1 15 0 2 1.000000e+00 
23 16 2 1 16 0 2 1.000000e+00 
23 17 2 1 17 0 2 1.000000e+00 
23 18 2 1 18 0 2 1.000000e+00 
23 19 2 1 19 0 2 1.000000e+00 
23 20 2 1 20 0 2 1.000000e+00 
23 21 2 1 21 0 2 1.000000e+00 
23 22 2 1 22 0 2 1.000000e+00 
23 23 2 1 23 0 2 1.000000e+00 
23 0 3 1 0 0 3 1.000000e+00 
23 1 3 1 1 0 3 1.000000e+00 
23 2 3 1 2 0 3 1.000000e+00 
23 3 3 1 3 0 3 1.000000e+00 
23 4 3 1 4 0 3 1.000000e+00 
23 5 3 1 5 0 3 1.000000e+00 
23 6 3 1 6 0 3 1.000000e+00 
23 7 3 1 7 0 3 1.000000e+00 
23 8 3 1 8 0 3 1.000000e+00 
23 9 3 1 9 0 3 1.000000e+00 
23 10 3 1 10 0 3 1.000000e+00 
23 11 3 1 11 0 3 1.000000e+00 
23 12 3 1 12 0 3 1.000000e+00 
23 13 3 1 13 0 3 1.000000e+00 
23 14 3 1 14 0 3 1.000000e+00 
23 15 3 1 15 0 3 1.000000e+00 
23 16 3 1 16 0 3 1.000000e+00 
23 17 3 1 17 0 3 1.000000e+00 
23 18 3 1 18 0 3 1.000000e+00 
23 19 3 1 19 0 3 1.000000e+00 
23 20 3 1 20 0 3 1.000000e+00 
23 21 3 1 21 0 3 1.000000e+00 
23 22 3 1 22 0 3 1.000000e+00 
23 23 3 1 23 0 3 1.000000e+00 
23 0 13 1 0 0 13 1.000000e+00 
23 1 13 1 1 0 13 1.000000e+00 
23 2 13 1 2 0 13 1.000000e+00 
23 3 13 1 3 0 13 1.000000e+00 
23 4 13 1 4 0 13 1.000000e+00 
23 5 13 1 5 0 13 1.000000e+00 
23 6 13 1 6 0 13 1.000000e+00 
23 7 13 1 7 0 13 1.000000e+00 
23 8 13 1 8 0 13 1.000000e+00 
23 9 13 1 9 0 13 1.000000e+00 
23 10 13 1 10 0 13 1.000000e+00 
23 11 13 1 11 0 13 1.000000e+00 
23 12 13 1 12 0 13 1.000000e+00 
23 13 13 1 13 0 13 1.000000e+00 
23 14 13 1 14 0 13 1.000000e+00 
23 15 13 1 15 0 13 1.000000e+00 
23 16 13 1 16 0 13 1.000000e+00 
23 17 13 1 17 0 13 1.000000e+00 
23 18 13 1 18 0 13 1.000000e+00 
23 19 13 1 19 0 13 1.000000e+00 
23 20 13 1 20 0 13 1.000000e+00 
23 21 13 1 21 0 13 1.000000e+00 
23 22 13 1 22 0 13 1.000000e+00 
23 23 13 1 23 0 13 1.000000e+00 
23 0 6 1 0 0 6 1.000000e+00 
23 1 6 1 1 0 6 1.000000e+00 
23 2 6 1 2 0 6 1.000000e+00 
23 3 6 1 3 0 6 1.000000e+00 
23 4 6 1 4 0 6 1.000000e+00 
23 5 6 1 5 0 6 1.000000e+00 
23 6 6 1 6 0 6 1.000000e+00 
23 7 6 1 7 0 6 1.000000e+00 
23 8 6 1 8 0 6 1.000000e+00 
23 9 6 1 9 0 6 1.000000e+00 
23 10 6 1 10 0 6 1.000000e+00 
23 11 6 1 11 0 6 1.000000e+00 
23 12 6 1 12 0 6 1.000000e+00 
23 13 6 1 13 0 6 1.000000e+00 
23 14 6 1 14 0 6 1.000000e+00 
23 15 6 1 15 0 6 1.000000e+00 
23 16 6 1 16 0 6 1.000000e+00 
23 17 6 1 17 0 6 1.000000e+00 
23 18 6 1 18 0 6 1.000000e+00 
23 19 6 1 19 0 6 1.000000e+00 
23 20 6 1 20 0 6 1.000000e+00 
23 21 6 1 21 0 6 1.000000e+00 
23 22 6 1 22 0 6 1.000000e+00 
23 23 6 1 23 0 6 1.000000e+00 
23 0 7 1 0 0 7 1.000000e+00 
23 1 7 1 1 0 7 1.000000e+00 
23 2 7 1 2 0 7 1.000000e+00 
23 3 7 1 3 0 7 1.000000e+00 
23 4 7 1 4 0 7 1.000000e+00 
23 5 7 1 5 0 7 1.000000e+00 
23 6 7 1 6 0 7 1.000000e+00 
23 7 7 1 7 0 7 1.000000e+00 
23 8 7 1 8 0 7 1.000000e+00 
23 9 7 1 9 0 7 1.000000e+00 
23 10 7 1 10 0 7 1.000000e+00 
23 11 7 1 11 0 7 1.000000e+00 
23 12 7 1 12 0 7 1.000000e+00 
23 13 7 1 13 0 7 1.000000e+00 
23 14 7 1 14 0 7 1.000000e+00 
23 15 7 1 15 0 7 1.000000e+00 
23 16 7 1 16 0 7 1.000000e+00 
23 17 7 1 17 0 7 1.000000e+00 
23 18 7 1 18 0 7 1.000000e+00 
23 19 7 1 19 0 7 1.000000e+00 
23 20 7 1 20 0 7 1.000000e+00 
23 21 7 1 21 0 7 1.000000e+00 
23 22 7 1 22 0 7 1.000000e+00 
23 23 7 1 23 0 7 1.000000e+00 
23 0 14 1 0 0 14 1.000000e+00 
23 1 14 1 1 0 14 1.000000e+00 
23 2 14 1 2 0 14 1.000000e+00 
23 3 14 1 3 0 14 1.000000e+00 
23 4 14 1 4 0 14 1.000000e+00 
23 5 14 1 5 0 14 1.000000e+00 
23 6 14 1 6 0 14 1.000000e+00 
23 7 14 1 7 0 14 1.000000e+00 
23 8 14 1 8 0 14 1.000000e+00 
23 9 14 1 9 0 14 1.000000e+00 
23 10 14 1 10 0 14 1.000000e+00 
23 11 14 1 11 0 14 1.000000e+00 
23 12 14 1 12 0 14 1.000000e+00 
23 13 14 1 13 0 14 1.000000e+00 
23 14 14 1 14 0 14 1.000000e+00 
23 15 14 1 15 0 14 1.000000e+00 
23 16 14 1 16 0 14 1.000000e+00 
23 17 14 1 17 0 14 1.000000e+00 
23 18 14 1 18 0 14 1.000000e+00 
23 19 14 1 19 0 14 1.000000e+00 
23 20 14 1 20 0 14 1.000000e+00 
23 21 14 1 21 0 14 1.000000e+00 
23 22 14 1 22 0 14 1.000000e+00 
23 23 14 1 23 0 14 1.000000e+00 
23 0 12 1 0 0 12 1.000000e+00 
23 1 12 1 1 0 12 1.000000e+00 
23 2 12 1 2 0 12 1.000000e+00 
23 3 12 1 3 0 12 1.000000e+00 
23 4 12 1 4 0 12 1.000000e+00 
23 5 12 1 5 0 12 1.000000e+00 
23 6 12 1 6 0 12 1.000000e+00 
23 7 12 1 7 0 12 1.000000e+00 
23 8 12 1 8 0 12 1.000000e+00 
23 9 12 1 9 0 12 1.000000e+00 
23 10 12 1 10 0 12 1.000000e+00 
23 11 12 1 11 0 12 1.000000e+00 
23 12 12 1 12 0 12 1.000000e+00 
23 13 12 1 13 0 12 1.000000e+00 
23 14 12 1 14 0 12 1.000000e+00 
23 15 12 1 15 0 12 1.000000e+00 
23 16 12 1 16 0 12 1.000000e+00 
23 17 12 1 17 0 12 1.000000e+00 
23 18 12 1 18 0 12 1.000000e+00 
23 19 12 1 19 0 12 1.000000e+00 
23 20 12 1 20 0 12 1.000000e+00 
23 21 12 1 21 0 12 1.000000e+00 
23 22 12 1 22 0 12 1.000000e+00 
23 23 12 1 23 0 12 1.000000e+00 
23 0 0 1 0 0 0 1.000000e+00 
23 1 0 1 1 0 0 1.000000e+00 
23 2 0 1 2 0 0 1.000000e+00 
23 3 0 1 3 0 0 1.000000e+00 
23 4 0 1 4 0 0 1.000000e+00 
23 5 0 1 5 0 0 1.000000e+00 
23 6 0 1 6 0 0 1.000000e+00 
23 7 0 1 7 0 0 1.000000e+00 
23 8 0 1 8 0 0 1.000000e+00 
23 9 0 1 9 0 0 1.000000e+00 
23 10 0 1 10 0 0 1.000000e+00 
23 11 0 1 11 0 0 1.000000e+00 
23 12 0 1 12 0 0 1.000000e+00 
23 13 0 1 13 0 0 1.000000e+00 
23 14 0 1 14 0 0 1.000000e+00 
23 15 0 1 15 0 0 1.000000e+00 
23 16 0 1 16 0 0 1.000000e+00 
23 17 0 1 17 0 0 1.000000e+00 
23 18 0 1 18 0 0 1.000000e+00 
23 19 0 1 19 0 0 1.000000e+00 
23 20 0 1 20 0 0 1.000000e+00 
23 21 0 1 21 0 0 1.000000e+00 
23 22 0 1 22 0 0 1.000000e+00 
23 23 0 1 23 0 0 1.000000e+00 
23 0 1 1 0 0 1 1.000000e+00 
23 1 1 1 1 0 1 1.000000e+00 
23 2 1 1 2 0 1 1.000000e+00 
23 3 1 1 3 0 1 1.000000e+00 
23 4 1 1 4 0 1 1.000000e+00 
23 5 1 1 5 0 1 1.000000e+00 
23 6 1 1 6 0 1 1.000000e+00 
23 7 1 1 7 0 1 1.000000e+00 
23 8 1 1 8 0 1 1.000000e+00 
23 9 1 1 9 0 1 1.000000e+00 
23 10 1 1 10 0 1 1.000000e+00 
23 11 1 1 11 0 1 1.000000e+00 
23 12 1 1 12 0 1 1.000000e+00 
23 13 1 1 13 0 1 1.000000e+00 
23 14 1 1 14 0 1 1.000000e+00 
23 15 1 1 15 0 1 1.000000e+00 
23 16 1 1 16 0 1 1.000000e+00 
23 17 1 1 17 0 1 1.000000e+00 
23 18 1 1 18 0 1 1.000000e+00 
23 19 1 1 19 0 1 1.000000e+00 
23 20 1 1 20 0 1 1.000000e+00 
23 21 1 1 21 0 1 1.000000e+00 
23 22 1 1 22 0 1 1.000000e+00 
23 23 1 1 23 0 1 1.000000e+00 
