top
3D
378
25 -2 2 4 22 0 2 3.108201e-01 21 0 2 2.081470e-01 22 1 2 4.810329e-01 22 0 3 -0.000000e+00 
24 -1 2 4 22 0 2 4.528307e-01 22 1 2 3.148240e-01 23 0 2 2.323454e-01 22 0 3 -0.000000e+00 
25 -1 2 4 22 1 2 2.271440e-01 21 1 2 3.351323e-01 22 2 2 4.377238e-01 22 1 3 -0.000000e+00 
24 0 2 4 22 1 2 5.382090e-01 22 2 2 2.699991e-01 23 1 2 1.917919e-01 22 1 3 -0.000000e+00 
25 0 2 4 21 2 2 6.550296e-02 21 3 2 3.286814e-01 22 2 2 6.058156e-01 21 2 3 -0.000000e+00 
24 1 2 4 22 2 2 6.247482e-01 22 3 2 2.126889e-01 23 2 2 1.625629e-01 22 2 3 -0.000000e+00 
25 1 2 4 21 3 2 2.373299e-01 21 4 2 2.436635e-01 22 3 2 5.190066e-01 21 3 3 -0.000000e+00 
24 2 2 4 22 3 2 7.170380e-01 22 4 2 1.452076e-01 23 3 2 1.377545e-01 22 3 3 -0.000000e+00 
25 2 2 4 21 4 2 4.187735e-01 21 5 2 1.393412e-01 22 4 2 4.418853e-01 21 4 3 -0.000000e+00 
24 3 2 4 22 4 2 8.141947e-01 22 5 2 6.933187e-02 23 4 2 1.164735e-01 22 4 3 -0.000000e+00 
25 3 2 4 21 5 2 6.082543e-01 21 6 2 1.869371e-02 22 5 2 3.730520e-01 21 5 3 -0.000000e+00 
24 4 2 4 23 5 2 8.447933e-02 23 4 2 1.493397e-02 22 5 2 9.005867e-01 23 5 3 -0.000000e+00 
25 4 2 4 22 6 2 1.957769e-01 22 5 2 1.247904e-01 21 6 2 6.794327e-01 22 6 3 -0.000000e+00 
24 5 2 4 22 5 2 2.059857e-02 22 6 2 8.898727e-01 23 5 2 8.952872e-02 22 5 3 -0.000000e+00 
25 5 2 4 21 6 2 5.971882e-03 21 7 2 7.193245e-01 22 6 2 2.747036e-01 21 6 3 -0.000000e+00 
24 6 2 4 22 6 2 1.285523e-01 22 7 2 7.977752e-01 23 6 2 7.367251e-02 22 6 3 -0.000000e+00 
25 6 2 4 21 7 2 2.132474e-01 21 8 2 5.669500e-01 22 7 2 2.198026e-01 21 7 3 -0.000000e+00 
24 7 2 4 22 7 2 2.391224e-01 22 8 2 7.010909e-01 23 7 2 5.978678e-02 22 7 3 -0.000000e+00 
25 7 2 4 21 8 2 4.246853e-01 21 9 2 4.049565e-01 22 8 2 1.703582e-01 21 8 3 -0.000000e+00 
24 8 2 4 22 8 2 3.519828e-01 22 9 2 6.004797e-01 23 8 2 4.753756e-02 22 8 3 -0.000000e+00 
25 8 2 4 21 9 2 6.397476e-01 21 10 2 2.346379e-01 22 9 2 1.256145e-01 21 9 3 -0.000000e+00 
24 9 2 4 22 9 2 4.668518e-01 22 10 2 4.964886e-01 23 9 2 3.665955e-02 22 9 3 -0.000000e+00 
25 9 2 4 21 10 2 8.579854e-01 21 11 2 5.707305e-02 22 10 2 8.494153e-02 21 10 3 -0.000000e+00 
24 10 2 4 22 10 2 5.834976e-01 22 11 2 3.895640e-01 23 10 2 2.693846e-02 22 10 3 -0.000000e+00 
25 10 2 4 21 10 2 7.901537e-02 21 11 2 8.704011e-01 22 10 2 5.058349e-02 21 10 3 -0.000000e+00 
24 11 2 4 22 11 2 7.017463e-01 22 12 2 2.800501e-01 23 11 2 1.820366e-02 22 11 3 -0.000000e+00 
25 11 2 4 21 11 2 3.027235e-01 21 12 2 6.826483e-01 22 11 2 1.462819e-02 21 11 3 -0.000000e+00 
25 -2 3 4 22 0 3 3.108201e-01 21 0 3 2.081470e-01 22 1 3 4.810329e-01 22 0 4 -0.000000e+00 
24 -1 3 4 22 0 3 4.528307e-01 22 1 3 3.148240e-01 23 0 3 2.323454e-01 22 0 4 -0.000000e+00 
25 -1 3 4 22 1 3 2.271440e-01 21 1 3 3.351323e-01 22 2 3 4.377238e-01 22 1 4 -0.000000e+00 
24 0 3 4 22 1 3 5.382090e-01 22 2 3 2.699991e-01 23 1 3 1.917919e-01 22 1 4 -0.000000e+00 
25 0 3 4 21 2 3 6.550296e-02 21 3 3 3.286814e-01 22 2 3 6.058156e-01 21 2 4 -0.000000e+00 
24 1 3 4 22 2 3 6.247482e-01 22 3 3 2.126889e-01 23 2 3 1.625629e-01 22 2 4 -0.000000e+00 
25 1 3 4 21 3 3 2.373299e-01 21 4 3 2.436635e-01 22 3 3 5.190066e-01 21 3 4 -0.000000e+00 
24 2 3 4 22 3 3 7.170380e-01 22 4 3 1.452076e-01 23 3 3 1.377545e-01 22 3 4 -0.000000e+00 
25 2 3 4 21 4 3 4.187735e-01 21 5 3 1.393412e-01 22 4 3 4.418853e-01 21 4 4 -0.000000e+00 
24 3 3 4 22 4 3 8.141947e-01 22 5 3 6.933187e-02 23 4 3 1.164735e-01 22 4 4 -0.000000e+00 
25 3 3 4 21 5 3 6.082543e-01 21 6 3 1.869371e-02 22 5 3 3.730520e-01 21 5 4 -0.000000e+00 
24 4 3 4 23 5 3 8.447933e-02 23 4 3 1.493397e-02 22 5 3 9.005867e-01 23 5 4 -0.000000e+00 
25 4 3 4 22 6 3 1.957769e-01 22 5 3 1.247904e-01 21 6 3 6.794327e-01 22 6 4 -0.000000e+00 
24 5 3 4 22 5 3 2.059857e-02 22 6 3 8.898727e-01 23 5 3 8.952872e-02 22 5 4 -0.000000e+00 
25 5 3 4 21 6 3 5.971882e-03 21 7 3 7.193245e-01 22 6 3 2.747036e-01 21 6 4 -0.000000e+00 
24 6 3 4 22 6 3 1.285523e-01 22 7 3 7.977752e-01 23 6 3 7.367251e-02 22 6 4 -0.000000e+00 
25 6 3 4 21 7 3 2.132474e-01 21 8 3 5.669500e-01 22 7 3 2.198026e-01 21 7 4 -0.000000e+00 
24 7 3 4 22 7 3 2.391224e-01 22 8 3 7.010909e-01 23 7 3 5.978678e-02 22 7 4 -0.000000e+00 
25 7 3 4 21 8 3 4.246853e-01 21 9 3 4.049565e-01 22 8 3 1.703582e-01 21 8 4 -0.000000e+00 
24 8 3 4 22 8 3 3.519828e-01 22 9 3 6.004797e-01 23 8 3 4.753756e-02 22 8 4 -0.000000e+00 
25 8 3 4 21 9 3 6.397476e-01 21 10 3 2.346379e-01 22 9 3 1.256145e-01 21 9 4 -0.000000e+00 
24 9 3 4 22 9 3 4.668518e-01 22 10 3 4.964886e-01 23 9 3 3.665955e-02 22 9 4 -0.000000e+00 
25 9 3 4 21 10 3 8.579854e-01 21 11 3 5.707305e-02 22 10 3 8.494153e-02 21 10 4 -0.000000e+00 
24 10 3 4 22 10 3 5.834976e-01 22 11 3 3.895640e-01 23 10 3 2.693846e-02 22 10 4 -0.000000e+00 
25 10 3 4 21 10 3 7.901537e-02 21 11 3 8.704011e-01 22 10 3 5.058349e-02 21 10 4 -0.000000e+00 
24 11 3 4 22 11 3 7.017463e-01 22 12 3 2.800501e-01 23 11 3 1.820366e-02 22 11 4 -0.000000e+00 
25 11 3 4 21 11 3 3.027235e-01 21 12 3 6.826483e-01 22 11 3 1.462819e-02 21 11 4 -0.000000e+00 
25 -2 13 4 22 0 13 3.108201e-01 21 0 13 2.081470e-01 22 1 13 4.810329e-01 22 0 14 -0.000000e+00 
24 -1 13 4 22 0 13 4.528307e-01 22 1 13 3.148240e-01 23 0 13 2.323454e-01 22 0 14 -0.000000e+00 
25 -1 13 4 22 1 13 2.271440e-01 21 1 13 3.351323e-01 22 2 13 4.377238e-01 22 1 14 -0.000000e+00 
24 0 13 4 22 1 13 5.382090e-01 22 2 13 2.699991e-01 23 1 13 1.917919e-01 22 1 14 -0.000000e+00 
25 0 13 4 21 2 13 6.550296e-02 21 3 13 3.286814e-01 22 2 13 6.058156e-01 21 2 14 -0.000000e+00 
24 1 13 4 22 2 13 6.247482e-01 22 3 13 2.126889e-01 23 2 13 1.625629e-01 22 2 14 -0.000000e+00 
25 1 13 4 21 3 13 2.373299e-01 21 4 13 2.436635e-01 22 3 13 5.190066e-01 21 3 14 -0.000000e+00 
24 2 13 4 22 3 13 7.170380e-01 22 4 13 1.452076e-01 23 3 13 1.377545e-01 22 3 14 -0.000000e+00 
25 2 13 4 21 4 13 4.187735e-01 21 5 13 1.393412e-01 22 4 13 4.418853e-01 21 4 14 -0.000000e+00 
24 3 13 4 22 4 13 8.141947e-01 22 5 13 6.933187e-02 23 4 13 1.164735e-01 22 4 14 -0.000000e+00 
25 3 13 4 21 5 13 6.082543e-01 21 6 13 1.869371e-02 22 5 13 3.730520e-01 21 5 14 -0.000000e+00 
24 4 13 4 23 5 13 8.447933e-02 23 4 13 1.493397e-02 22 5 13 9.005867e-01 23 5 14 -0.000000e+00 
25 4 13 4 22 6 13 1.957769e-01 22 5 13 1.247904e-01 21 6 13 6.794327e-01 22 6 14 -0.000000e+00 
24 5 13 4 22 5 13 2.059857e-02 22 6 13 8.898727e-01 23 5 13 8.952872e-02 22 5 14 -0.000000e+00 
25 5 13 4 21 6 13 5.971882e-03 21 7 13 7.193245e-01 22 6 13 2.747036e-01 21 6 14 -0.000000e+00 
24 6 13 4 22 6 13 1.285523e-01 22 7 13 7.977752e-01 23 6 13 7.367251e-02 22 6 14 -0.000000e+00 
25 6 13 4 21 7 13 2.132474e-01 21 8 13 5.669500e-01 22 7 13 2.198026e-01 21 7 14 -0.000000e+00 
24 7 13 4 22 7 13 2.391224e-01 22 8 13 7.010909e-01 23 7 13 5.978678e-02 22 7 14 -0.000000e+00 
25 7 13 4 21 8 13 4.246853e-01 21 9 13 4.049565e-01 22 8 13 1.703582e-01 21 8 14 -0.000000e+00 
24 8 13 4 22 8 13 3.519828e-01 22 9 13 6.004797e-01 23 8 13 4.753756e-02 22 8 14 -0.000000e+00 
25 8 13 4 21 9 13 6.397476e-01 21 10 13 2.346379e-01 22 9 13 1.256145e-01 21 9 14 -0.000000e+00 
24 9 13 4 22 9 13 4.668518e-01 22 10 13 4.964886e-01 23 9 13 3.665955e-02 22 9 14 -0.000000e+00 
25 9 13 4 21 10 13 8.579854e-01 21 11 13 5.707305e-02 22 10 13 8.494153e-02 21 10 14 -0.000000e+00 
24 10 13 4 22 10 13 5.834976e-01 22 11 13 3.895640e-01 23 10 13 2.693846e-02 22 10 14 -0.000000e+00 
25 10 13 4 21 10 13 7.901537e-02 21 11 13 8.704011e-01 22 10 13 5.058349e-02 21 10 14 -0.000000e+00 
24 11 13 4 22 11 13 7.017463e-01 22 12 13 2.800501e-01 23 11 13 1.820366e-02 22 11 14 -0.000000e+00 
25 11 13 4 21 11 13 3.027235e-01 21 12 13 6.826483e-01 22 11 13 1.462819e-02 21 11 14 -0.000000e+00 
25 -2 0 4 22 0 0 3.108201e-01 21 0 0 2.081470e-01 22 1 0 4.810329e-01 22 0 1 -0.000000e+00 
24 -1 0 4 22 0 0 4.528307e-01 22 1 0 3.148240e-01 23 0 0 2.323454e-01 22 0 1 -0.000000e+00 
25 -1 0 4 22 1 0 2.271440e-01 21 1 0 3.351323e-01 22 2 0 4.377238e-01 22 1 1 -0.000000e+00 
24 0 0 4 22 1 0 5.382090e-01 22 2 0 2.699991e-01 23 1 0 1.917919e-01 22 1 1 -0.000000e+00 
25 0 0 4 21 2 0 6.550296e-02 21 3 0 3.286814e-01 22 2 0 6.058156e-01 21 2 1 -0.000000e+00 
24 1 0 4 22 2 0 6.247482e-01 22 3 0 2.126889e-01 23 2 0 1.625629e-01 22 2 1 -0.000000e+00 
25 1 0 4 21 3 0 2.373299e-01 21 4 0 2.436635e-01 22 3 0 5.190066e-01 21 3 1 -0.000000e+00 
24 2 0 4 22 3 0 7.170380e-01 22 4 0 1.452076e-01 23 3 0 1.377545e-01 22 3 1 -0.000000e+00 
25 2 0 4 21 4 0 4.187735e-01 21 5 0 1.393412e-01 22 4 0 4.418853e-01 21 4 1 -0.000000e+00 
24 3 0 4 22 4 0 8.141947e-01 22 5 0 6.933187e-02 23 4 0 1.164735e-01 22 4 1 -0.000000e+00 
25 3 0 4 21 5 0 6.082543e-01 21 6 0 1.869371e-02 22 5 0 3.730520e-01 21 5 1 -0.000000e+00 
24 4 0 4 23 5 0 8.447933e-02 23 4 0 1.493397e-02 22 5 0 9.005867e-01 23 5 1 -0.000000e+00 
25 4 0 4 22 6 0 1.957769e-01 22 5 0 1.247904e-01 21 6 0 6.794327e-01 22 6 1 -0.000000e+00 
24 5 0 4 22 5 0 2.059857e-02 22 6 0 8.898727e-01 23 5 0 8.952872e-02 22 5 1 -0.000000e+00 
25 5 0 4 21 6 0 5.971882e-03 21 7 0 7.193245e-01 22 6 0 2.747036e-01 21 6 1 -0.000000e+00 
24 6 0 4 22 6 0 1.285523e-01 22 7 0 7.977752e-01 23 6 0 7.367251e-02 22 6 1 -0.000000e+00 
25 6 0 4 21 7 0 2.132474e-01 21 8 0 5.669500e-01 22 7 0 2.198026e-01 21 7 1 -0.000000e+00 
24 7 0 4 22 7 0 2.391224e-01 22 8 0 7.010909e-01 23 7 0 5.978678e-02 22 7 1 -0.000000e+00 
25 7 0 4 21 8 0 4.246853e-01 21 9 0 4.049565e-01 22 8 0 1.703582e-01 21 8 1 -0.000000e+00 
24 8 0 4 22 8 0 3.519828e-01 22 9 0 6.004797e-01 23 8 0 4.753756e-02 22 8 1 -0.000000e+00 
25 8 0 4 21 9 0 6.397476e-01 21 10 0 2.346379e-01 22 9 0 1.256145e-01 21 9 1 -0.000000e+00 
24 9 0 4 22 9 0 4.668518e-01 22 10 0 4.964886e-01 23 9 0 3.665955e-02 22 9 1 -0.000000e+00 
25 9 0 4 21 10 0 8.579854e-01 21 11 0 5.707305e-02 22 10 0 8.494153e-02 21 10 1 -0.000000e+00 
24 10 0 4 22 10 0 5.834976e-01 22 11 0 3.895640e-01 23 10 0 2.693846e-02 22 10 1 -0.000000e+00 
25 10 0 4 21 10 0 7.901537e-02 21 11 0 8.704011e-01 22 10 0 5.058349e-02 21 10 1 -0.000000e+00 
24 11 0 4 22 11 0 7.017463e-01 22 12 0 2.800501e-01 23 11 0 1.820366e-02 22 11 1 -0.000000e+00 
25 11 0 4 21 11 0 3.027235e-01 21 12 0 6.826483e-01 22 11 0 1.462819e-02 21 11 1 -0.000000e+00 
25 -2 1 4 22 0 1 3.108201e-01 21 0 1 2.081470e-01 22 1 1 4.810329e-01 22 0 2 -0.000000e+00 
24 -1 1 4 22 0 1 4.528307e-01 22 1 1 3.148240e-01 23 0 1 2.323454e-01 22 0 2 -0.000000e+00 
25 -1 1 4 22 1 1 2.271440e-01 21 1 1 3.351323e-01 22 2 1 4.377238e-01 22 1 2 -0.000000e+00 
24 0 1 4 22 1 1 5.382090e-01 22 2 1 2.699991e-01 23 1 1 1.917919e-01 22 1 2 -0.000000e+00 
25 0 1 4 21 2 1 6.550296e-02 21 3 1 3.286814e-01 22 2 1 6.058156e-01 21 2 2 -0.000000e+00 
24 1 1 4 22 2 1 6.247482e-01 22 3 1 2.126889e-01 23 2 1 1.625629e-01 22 2 2 -0.000000e+00 
25 1 1 4 21 3 1 2.373299e-01 21 4 1 2.436635e-01 22 3 1 5.190066e-01 21 3 2 -0.000000e+00 
24 2 1 4 22 3 1 7.170380e-01 22 4 1 1.452076e-01 23 3 1 1.377545e-01 22 3 2 -0.000000e+00 
25 2 1 4 21 4 1 4.187735e-01 21 5 1 1.393412e-01 22 4 1 4.418853e-01 21 4 2 -0.000000e+00 
24 3 1 4 22 4 1 8.141947e-01 22 5 1 6.933187e-02 23 4 1 1.164735e-01 22 4 2 -0.000000e+00 
25 3 1 4 21 5 1 6.082543e-01 21 6 1 1.869371e-02 22 5 1 3.730520e-01 21 5 2 -0.000000e+00 
24 4 1 4 23 5 1 8.447933e-02 23 4 1 1.493397e-02 22 5 1 9.005867e-01 23 5 2 -0.000000e+00 
25 4 1 4 22 6 1 1.957769e-01 22 5 1 1.247904e-01 21 6 1 6.794327e-01 22 6 2 -0.000000e+00 
24 5 1 4 22 5 1 2.059857e-02 22 6 1 8.898727e-01 23 5 1 8.952872e-02 22 5 2 -0.000000e+00 
25 5 1 4 21 6 1 5.971882e-03 21 7 1 7.193245e-01 22 6 1 2.747036e-01 21 6 2 -0.000000e+00 
24 6 1 4 22 6 1 1.285523e-01 22 7 1 7.977752e-01 23 6 1 7.367251e-02 22 6 2 -0.000000e+00 
25 6 1 4 21 7 1 2.132474e-01 21 8 1 5.669500e-01 22 7 1 2.198026e-01 21 7 2 -0.000000e+00 
24 7 1 4 22 7 1 2.391224e-01 22 8 1 7.010909e-01 23 7 1 5.978678e-02 22 7 2 -0.000000e+00 
25 7 1 4 21 8 1 4.246853e-01 21 9 1 4.049565e-01 22 8 1 1.703582e-01 21 8 2 -0.000000e+00 
24 8 1 4 22 8 1 3.519828e-01 22 9 1 6.004797e-01 23 8 1 4.753756e-02 22 8 2 -0.000000e+00 
25 8 1 4 21 9 1 6.397476e-01 21 10 1 2.346379e-01 22 9 1 1.256145e-01 21 9 2 -0.000000e+00 
24 9 1 4 22 9 1 4.668518e-01 22 10 1 4.964886e-01 23 9 1 3.665955e-02 22 9 2 -0.000000e+00 
25 9 1 4 21 10 1 8.579854e-01 21 11 1 5.707305e-02 22 10 1 8.494153e-02 21 10 2 -0.000000e+00 
24 10 1 4 22 10 1 5.834976e-01 22 11 1 3.895640e-01 23 10 1 2.693846e-02 22 10 2 -0.000000e+00 
25 10 1 4 21 10 1 7.901537e-02 21 11 1 8.704011e-01 22 10 1 5.058349e-02 21 10 2 -0.000000e+00 
24 11 1 4 22 11 1 7.017463e-01 22 12 1 2.800501e-01 23 11 1 1.820366e-02 22 11 2 -0.000000e+00 
25 11 1 4 21 11 1 3.027235e-01 21 12 1 6.826483e-01 22 11 1 1.462819e-02 21 11 2 -0.000000e+00 
25 -2 12 4 22 0 12 3.108201e-01 21 0 12 2.081470e-01 22 1 12 4.810329e-01 22 0 13 -0.000000e+00 
24 -1 12 4 22 0 12 4.528307e-01 22 1 12 3.148240e-01 23 0 12 2.323454e-01 22 0 13 -0.000000e+00 
25 -1 12 4 22 1 12 2.271440e-01 21 1 12 3.351323e-01 22 2 12 4.377238e-01 22 1 13 -0.000000e+00 
24 0 12 4 22 1 12 5.382090e-01 22 2 12 2.699991e-01 23 1 12 1.917919e-01 22 1 13 -0.000000e+00 
25 0 12 4 21 2 12 6.550296e-02 21 3 12 3.286814e-01 22 2 12 6.058156e-01 21 2 13 -0.000000e+00 
24 1 12 4 22 2 12 6.247482e-01 22 3 12 2.126889e-01 23 2 12 1.625629e-01 22 2 13 -0.000000e+00 
25 1 12 4 21 3 12 2.373299e-01 21 4 12 2.436635e-01 22 3 12 5.190066e-01 21 3 13 -0.000000e+00 
24 2 12 4 22 3 12 7.170380e-01 22 4 12 1.452076e-01 23 3 12 1.377545e-01 22 3 13 -0.000000e+00 
25 2 12 4 21 4 12 4.187735e-01 21 5 12 1.393412e-01 22 4 12 4.418853e-01 21 4 13 -0.000000e+00 
24 3 12 4 22 4 12 8.141947e-01 22 5 12 6.933187e-02 23 4 12 1.164735e-01 22 4 13 -0.000000e+00 
25 3 12 4 21 5 12 6.082543e-01 21 6 12 1.869371e-02 22 5 12 3.730520e-01 21 5 13 -0.000000e+00 
24 4 12 4 23 5 12 8.447933e-02 23 4 12 1.493397e-02 22 5 12 9.005867e-01 23 5 13 -0.000000e+00 
25 4 12 4 22 6 12 1.957769e-01 22 5 12 1.247904e-01 21 6 12 6.794327e-01 22 6 13 -0.000000e+00 
24 5 12 4 22 5 12 2.059857e-02 22 6 12 8.898727e-01 23 5 12 8.952872e-02 22 5 13 -0.000000e+00 
25 5 12 4 21 6 12 5.971882e-03 21 7 12 7.193245e-01 22 6 12 2.747036e-01 21 6 13 -0.000000e+00 
24 6 12 4 22 6 12 1.285523e-01 22 7 12 7.977752e-01 23 6 12 7.367251e-02 22 6 13 -0.000000e+00 
25 6 12 4 21 7 12 2.132474e-01 21 8 12 5.669500e-01 22 7 12 2.198026e-01 21 7 13 -0.000000e+00 
24 7 12 4 22 7 12 2.391224e-01 22 8 12 7.010909e-01 23 7 12 5.978678e-02 22 7 13 -0.000000e+00 
25 7 12 4 21 8 12 4.246853e-01 21 9 12 4.049565e-01 22 8 12 1.703582e-01 21 8 13 -0.000000e+00 
24 8 12 4 22 8 12 3.519828e-01 22 9 12 6.004797e-01 23 8 12 4.753756e-02 22 8 13 -0.000000e+00 
25 8 12 4 21 9 12 6.397476e-01 21 10 12 2.346379e-01 22 9 12 1.256145e-01 21 9 13 -0.000000e+00 
24 9 12 4 22 9 12 4.668518e-01 22 10 12 4.964886e-01 23 9 12 3.665955e-02 22 9 13 -0.000000e+00 
25 9 12 4 21 10 12 8.579854e-01 21 11 12 5.707305e-02 22 10 12 8.494153e-02 21 10 13 -0.000000e+00 
24 10 12 4 22 10 12 5.834976e-01 22 11 12 3.895640e-01 23 10 12 2.693846e-02 22 10 13 -0.000000e+00 
25 10 12 4 21 10 12 7.901537e-02 21 11 12 8.704011e-01 22 10 12 5.058349e-02 21 10 13 -0.000000e+00 
24 11 12 4 22 11 12 7.017463e-01 22 12 12 2.800501e-01 23 11 12 1.820366e-02 22 11 13 -0.000000e+00 
25 11 12 4 21 11 12 3.027235e-01 21 12 12 6.826483e-01 22 11 12 1.462819e-02 21 11 13 -0.000000e+00 
25 -2 6 4 22 0 6 3.108201e-01 21 0 6 2.081470e-01 22 1 6 4.810329e-01 22 0 7 -0.000000e+00 
24 -1 6 4 22 0 6 4.528307e-01 22 1 6 3.148240e-01 23 0 6 2.323454e-01 22 0 7 -0.000000e+00 
25 -1 6 4 22 1 6 2.271440e-01 21 1 6 3.351323e-01 22 2 6 4.377238e-01 22 1 7 -0.000000e+00 
24 0 6 4 22 1 6 5.382090e-01 22 2 6 2.699991e-01 23 1 6 1.917919e-01 22 1 7 -0.000000e+00 
25 0 6 4 21 2 6 6.550296e-02 21 3 6 3.286814e-01 22 2 6 6.058156e-01 21 2 7 -0.000000e+00 
24 1 6 4 22 2 6 6.247482e-01 22 3 6 2.126889e-01 23 2 6 1.625629e-01 22 2 7 -0.000000e+00 
25 1 6 4 21 3 6 2.373299e-01 21 4 6 2.436635e-01 22 3 6 5.190066e-01 21 3 7 -0.000000e+00 
24 2 6 4 22 3 6 7.170380e-01 22 4 6 1.452076e-01 23 3 6 1.377545e-01 22 3 7 -0.000000e+00 
25 2 6 4 21 4 6 4.187735e-01 21 5 6 1.393412e-01 22 4 6 4.418853e-01 21 4 7 -0.000000e+00 
24 3 6 4 22 4 6 8.141947e-01 22 5 6 6.933187e-02 23 4 6 1.164735e-01 22 4 7 -0.000000e+00 
25 3 6 4 21 5 6 6.082543e-01 21 6 6 1.869371e-02 22 5 6 3.730520e-01 21 5 7 -0.000000e+00 
24 4 6 4 23 5 6 8.447933e-02 23 4 6 1.493397e-02 22 5 6 9.005867e-01 23 5 7 -0.000000e+00 
25 4 6 4 22 6 6 1.957769e-01 22 5 6 1.247904e-01 21 6 6 6.794327e-01 22 6 7 -0.000000e+00 
24 5 6 4 22 5 6 2.059857e-02 22 6 6 8.898727e-01 23 5 6 8.952872e-02 22 5 7 -0.000000e+00 
25 5 6 4 21 6 6 5.971882e-03 21 7 6 7.193245e-01 22 6 6 2.747036e-01 21 6 7 -0.000000e+00 
24 6 6 4 22 6 6 1.285523e-01 22 7 6 7.977752e-01 23 6 6 7.367251e-02 22 6 7 -0.000000e+00 
25 6 6 4 21 7 6 2.132474e-01 21 8 6 5.669500e-01 22 7 6 2.198026e-01 21 7 7 -0.000000e+00 
24 7 6 4 22 7 6 2.391224e-01 22 8 6 7.010909e-01 23 7 6 5.978678e-02 22 7 7 -0.000000e+00 
25 7 6 4 21 8 6 4.246853e-01 21 9 6 4.049565e-01 22 8 6 1.703582e-01 21 8 7 -0.000000e+00 
24 8 6 4 22 8 6 3.519828e-01 22 9 6 6.004797e-01 23 8 6 4.753756e-02 22 8 7 -0.000000e+00 
25 8 6 4 21 9 6 6.397476e-01 21 10 6 2.346379e-01 22 9 6 1.256145e-01 21 9 7 -0.000000e+00 
24 9 6 4 22 9 6 4.668518e-01 22 10 6 4.964886e-01 23 9 6 3.665955e-02 22 9 7 -0.000000e+00 
25 9 6 4 21 10 6 8.579854e-01 21 11 6 5.707305e-02 22 10 6 8.494153e-02 21 10 7 -0.000000e+00 
24 10 6 4 22 10 6 5.834976e-01 22 11 6 3.895640e-01 23 10 6 2.693846e-02 22 10 7 -0.000000e+00 
25 10 6 4 21 10 6 7.901537e-02 21 11 6 8.704011e-01 22 10 6 5.058349e-02 21 10 7 -0.000000e+00 
24 11 6 4 22 11 6 7.017463e-01 22 12 6 2.800501e-01 23 11 6 1.820366e-02 22 11 7 -0.000000e+00 
25 11 6 4 21 11 6 3.027235e-01 21 12 6 6.826483e-01 22 11 6 1.462819e-02 21 11 7 -0.000000e+00 
25 -2 7 4 22 0 7 3.108201e-01 21 0 7 2.081470e-01 22 1 7 4.810329e-01 22 0 8 -0.000000e+00 
24 -1 7 4 22 0 7 4.528307e-01 22 1 7 3.148240e-01 23 0 7 2.323454e-01 22 0 8 -0.000000e+00 
25 -1 7 4 22 1 7 2.271440e-01 21 1 7 3.351323e-01 22 2 7 4.377238e-01 22 1 8 -0.000000e+00 
24 0 7 4 22 1 7 5.382090e-01 22 2 7 2.699991e-01 23 1 7 1.917919e-01 22 1 8 -0.000000e+00 
25 0 7 4 21 2 7 6.550296e-02 21 3 7 3.286814e-01 22 2 7 6.058156e-01 21 2 8 -0.000000e+00 
24 1 7 4 22 2 7 6.247482e-01 22 3 7 2.126889e-01 23 2 7 1.625629e-01 22 2 8 -0.000000e+00 
25 1 7 4 21 3 7 2.373299e-01 21 4 7 2.436635e-01 22 3 7 5.190066e-01 21 3 8 -0.000000e+00 
24 2 7 4 22 3 7 7.170380e-01 22 4 7 1.452076e-01 23 3 7 1.377545e-01 22 3 8 -0.000000e+00 
25 2 7 4 21 4 7 4.187735e-01 21 5 7 1.393412e-01 22 4 7 4.418853e-01 21 4 8 -0.000000e+00 
24 3 7 4 22 4 7 8.141947e-01 22 5 7 6.933187e-02 23 4 7 1.164735e-01 22 4 8 -0.000000e+00 
25 3 7 4 21 5 7 6.082543e-01 21 6 7 1.869371e-02 22 5 7 3.730520e-01 21 5 8 -0.000000e+00 
24 4 7 4 23 5 7 8.447933e-02 23 4 7 1.493397e-02 22 5 7 9.005867e-01 23 5 8 -0.000000e+00 
25 4 7 4 22 6 7 1.957769e-01 22 5 7 1.247904e-01 21 6 7 6.794327e-01 22 6 8 -0.000000e+00 
24 5 7 4 22 5 7 2.059857e-02 22 6 7 8.898727e-01 23 5 7 8.952872e-02 22 5 8 -0.000000e+00 
25 5 7 4 21 6 7 5.971882e-03 21 7 7 7.193245e-01 22 6 7 2.747036e-01 21 6 8 -0.000000e+00 
24 6 7 4 22 6 7 1.285523e-01 22 7 7 7.977752e-01 23 6 7 7.367251e-02 22 6 8 -0.000000e+00 
25 6 7 4 21 7 7 2.132474e-01 21 8 7 5.669500e-01 22 7 7 2.198026e-01 21 7 8 -0.000000e+00 
24 7 7 4 22 7 7 2.391224e-01 22 8 7 7.010909e-01 23 7 7 5.978678e-02 22 7 8 -0.000000e+00 
25 7 7 4 21 8 7 4.246853e-01 21 9 7 4.049565e-01 22 8 7 1.703582e-01 21 8 8 -0.000000e+00 
24 8 7 4 22 8 7 3.519828e-01 22 9 7 6.004797e-01 23 8 7 4.753756e-02 22 8 8 -0.000000e+00 
25 8 7 4 21 9 7 6.397476e-01 21 10 7 2.346379e-01 22 9 7 1.256145e-01 21 9 8 -0.000000e+00 
24 9 7 4 22 9 7 4.668518e-01 22 10 7 4.964886e-01 23 9 7 3.665955e-02 22 9 8 -0.000000e+00 
25 9 7 4 21 10 7 8.579854e-01 21 11 7 5.707305e-02 22 10 7 8.494153e-02 21 10 8 -0.000000e+00 
24 10 7 4 22 10 7 5.834976e-01 22 11 7 3.895640e-01 23 10 7 2.693846e-02 22 10 8 -0.000000e+00 
25 10 7 4 21 10 7 7.901537e-02 21 11 7 8.704011e-01 22 10 7 5.058349e-02 21 10 8 -0.000000e+00 
24 11 7 4 22 11 7 7.017463e-01 22 12 7 2.800501e-01 23 11 7 1.820366e-02 22 11 8 -0.000000e+00 
25 11 7 4 21 11 7 3.027235e-01 21 12 7 6.826483e-01 22 11 7 1.462819e-02 21 11 8 -0.000000e+00 
25 -2 10 4 22 0 10 3.108201e-01 21 0 10 2.081470e-01 22 1 10 4.810329e-01 22 0 11 -0.000000e+00 
24 -1 10 4 22 0 10 4.528307e-01 22 1 10 3.148240e-01 23 0 10 2.323454e-01 22 0 11 -0.000000e+00 
25 -1 10 4 22 1 10 2.271440e-01 21 1 10 3.351323e-01 22 2 10 4.377238e-01 22 1 11 -0.000000e+00 
24 0 10 4 22 1 10 5.382090e-01 22 2 10 2.699991e-01 23 1 10 1.917919e-01 22 1 11 -0.000000e+00 
25 0 10 4 21 2 10 6.550296e-02 21 3 10 3.286814e-01 22 2 10 6.058156e-01 21 2 11 -0.000000e+00 
24 1 10 4 22 2 10 6.247482e-01 22 3 10 2.126889e-01 23 2 10 1.625629e-01 22 2 11 -0.000000e+00 
25 1 10 4 21 3 10 2.373299e-01 21 4 10 2.436635e-01 22 3 10 5.190066e-01 21 3 11 -0.000000e+00 
24 2 10 4 22 3 10 7.170380e-01 22 4 10 1.452076e-01 23 3 10 1.377545e-01 22 3 11 -0.000000e+00 
25 2 10 4 21 4 10 4.187735e-01 21 5 10 1.393412e-01 22 4 10 4.418853e-01 21 4 11 -0.000000e+00 
24 3 10 4 22 4 10 8.141947e-01 22 5 10 6.933187e-02 23 4 10 1.164735e-01 22 4 11 -0.000000e+00 
25 3 10 4 21 5 10 6.082543e-01 21 6 10 1.869371e-02 22 5 10 3.730520e-01 21 5 11 -0.000000e+00 
24 4 10 4 23 5 10 8.447933e-02 23 4 10 1.493397e-02 22 5 10 9.005867e-01 23 5 11 -0.000000e+00 
25 4 10 4 22 6 10 1.957769e-01 22 5 10 1.247904e-01 21 6 10 6.794327e-01 22 6 11 -0.000000e+00 
24 5 10 4 22 5 10 2.059857e-02 22 6 10 8.898727e-01 23 5 10 8.952872e-02 22 5 11 -0.000000e+00 
25 5 10 4 21 6 10 5.971882e-03 21 7 10 7.193245e-01 22 6 10 2.747036e-01 21 6 11 -0.000000e+00 
24 6 10 4 22 6 10 1.285523e-01 22 7 10 7.977752e-01 23 6 10 7.367251e-02 22 6 11 -0.000000e+00 
25 6 10 4 21 7 10 2.132474e-01 21 8 10 5.669500e-01 22 7 10 2.198026e-01 21 7 11 -0.000000e+00 
24 7 10 4 22 7 10 2.391224e-01 22 8 10 7.010909e-01 23 7 10 5.978678e-02 22 7 11 -0.000000e+00 
25 7 10 4 21 8 10 4.246853e-01 21 9 10 4.049565e-01 22 8 10 1.703582e-01 21 8 11 -0.000000e+00 
24 8 10 4 22 8 10 3.519828e-01 22 9 10 6.004797e-01 23 8 10 4.753756e-02 22 8 11 -0.000000e+00 
25 8 10 4 21 9 10 6.397476e-01 21 10 10 2.346379e-01 22 9 10 1.256145e-01 21 9 11 -0.000000e+00 
24 9 10 4 22 9 10 4.668518e-01 22 10 10 4.964886e-01 23 9 10 3.665955e-02 22 9 11 -0.000000e+00 
25 9 10 4 21 10 10 8.579854e-01 21 11 10 5.707305e-02 22 10 10 8.494153e-02 21 10 11 -0.000000e+00 
24 10 10 4 22 10 10 5.834976e-01 22 11 10 3.895640e-01 23 10 10 2.693846e-02 22 10 11 -0.000000e+00 
25 10 10 4 21 10 10 7.901537e-02 21 11 10 8.704011e-01 22 10 10 5.058349e-02 21 10 11 -0.000000e+00 
24 11 10 4 22 11 10 7.017463e-01 22 12 10 2.800501e-01 23 11 10 1.820366e-02 22 11 11 -0.000000e+00 
25 11 10 4 21 11 10 3.027235e-01 21 12 10 6.826483e-01 22 11 10 1.462819e-02 21 11 11 -0.000000e+00 
25 -2 11 4 22 0 11 3.108201e-01 21 0 11 2.081470e-01 22 1 11 4.810329e-01 22 0 12 -0.000000e+00 
24 -1 11 4 22 0 11 4.528307e-01 22 1 11 3.148240e-01 23 0 11 2.323454e-01 22 0 12 -0.000000e+00 
25 -1 11 4 22 1 11 2.271440e-01 21 1 11 3.351323e-01 22 2 11 4.377238e-01 22 1 12 -0.000000e+00 
24 0 11 4 22 1 11 5.382090e-01 22 2 11 2.699991e-01 23 1 11 1.917919e-01 22 1 12 -0.000000e+00 
25 0 11 4 21 2 11 6.550296e-02 21 3 11 3.286814e-01 22 2 11 6.058156e-01 21 2 12 -0.000000e+00 
24 1 11 4 22 2 11 6.247482e-01 22 3 11 2.126889e-01 23 2 11 1.625629e-01 22 2 12 -0.000000e+00 
25 1 11 4 21 3 11 2.373299e-01 21 4 11 2.436635e-01 22 3 11 5.190066e-01 21 3 12 -0.000000e+00 
24 2 11 4 22 3 11 7.170380e-01 22 4 11 1.452076e-01 23 3 11 1.377545e-01 22 3 12 -0.000000e+00 
25 2 11 4 21 4 11 4.187735e-01 21 5 11 1.393412e-01 22 4 11 4.418853e-01 21 4 12 -0.000000e+00 
24 3 11 4 22 4 11 8.141947e-01 22 5 11 6.933187e-02 23 4 11 1.164735e-01 22 4 12 -0.000000e+00 
25 3 11 4 21 5 11 6.082543e-01 21 6 11 1.869371e-02 22 5 11 3.730520e-01 21 5 12 -0.000000e+00 
24 4 11 4 23 5 11 8.447933e-02 23 4 11 1.493397e-02 22 5 11 9.005867e-01 23 5 12 -0.000000e+00 
25 4 11 4 22 6 11 1.957769e-01 22 5 11 1.247904e-01 21 6 11 6.794327e-01 22 6 12 -0.000000e+00 
24 5 11 4 22 5 11 2.059857e-02 22 6 11 8.898727e-01 23 5 11 8.952872e-02 22 5 12 -0.000000e+00 
25 5 11 4 21 6 11 5.971882e-03 21 7 11 7.193245e-01 22 6 11 2.747036e-01 21 6 12 -0.000000e+00 
24 6 11 4 22 6 11 1.285523e-01 22 7 11 7.977752e-01 23 6 11 7.367251e-02 22 6 12 -0.000000e+00 
25 6 11 4 21 7 11 2.132474e-01 21 8 11 5.669500e-01 22 7 11 2.198026e-01 21 7 12 -0.000000e+00 
24 7 11 4 22 7 11 2.391224e-01 22 8 11 7.010909e-01 23 7 11 5.978678e-02 22 7 12 -0.000000e+00 
25 7 11 4 21 8 11 4.246853e-01 21 9 11 4.049565e-01 22 8 11 1.703582e-01 21 8 12 -0.000000e+00 
24 8 11 4 22 8 11 3.519828e-01 22 9 11 6.004797e-01 23 8 11 4.753756e-02 22 8 12 -0.000000e+00 
25 8 11 4 21 9 11 6.397476e-01 21 10 11 2.346379e-01 22 9 11 1.256145e-01 21 9 12 -0.000000e+00 
24 9 11 4 22 9 11 4.668518e-01 22 10 11 4.964886e-01 23 9 11 3.665955e-02 22 9 12 -0.000000e+00 
25 9 11 4 21 10 11 8.579854e-01 21 11 11 5.707305e-02 22 10 11 8.494153e-02 21 10 12 -0.000000e+00 
24 10 11 4 22 10 11 5.834976e-01 22 11 11 3.895640e-01 23 10 11 2.693846e-02 22 10 12 -0.000000e+00 
25 10 11 4 21 10 11 7.901537e-02 21 11 11 8.704011e-01 22 10 11 5.058349e-02 21 10 12 -0.000000e+00 
24 11 11 4 22 11 11 7.017463e-01 22 12 11 2.800501e-01 23 11 11 1.820366e-02 22 11 12 -0.000000e+00 
25 11 11 4 21 11 11 3.027235e-01 21 12 11 6.826483e-01 22 11 11 1.462819e-02 21 11 12 -0.000000e+00 
25 -2 4 4 22 0 4 3.108201e-01 21 0 4 2.081470e-01 22 1 4 4.810329e-01 22 0 5 -0.000000e+00 
24 -1 4 4 22 0 4 4.528307e-01 22 1 4 3.148240e-01 23 0 4 2.323454e-01 22 0 5 -0.000000e+00 
25 -1 4 4 22 1 4 2.271440e-01 21 1 4 3.351323e-01 22 2 4 4.377238e-01 22 1 5 -0.000000e+00 
24 0 4 4 22 1 4 5.382090e-01 22 2 4 2.699991e-01 23 1 4 1.917919e-01 22 1 5 -0.000000e+00 
25 0 4 4 21 2 4 6.550296e-02 21 3 4 3.286814e-01 22 2 4 6.058156e-01 21 2 5 -0.000000e+00 
24 1 4 4 22 2 4 6.247482e-01 22 3 4 2.126889e-01 23 2 4 1.625629e-01 22 2 5 -0.000000e+00 
25 1 4 4 21 3 4 2.373299e-01 21 4 4 2.436635e-01 22 3 4 5.190066e-01 21 3 5 -0.000000e+00 
24 2 4 4 22 3 4 7.170380e-01 22 4 4 1.452076e-01 23 3 4 1.377545e-01 22 3 5 -0.000000e+00 
25 2 4 4 21 4 4 4.187735e-01 21 5 4 1.393412e-01 22 4 4 4.418853e-01 21 4 5 -0.000000e+00 
24 3 4 4 22 4 4 8.141947e-01 22 5 4 6.933187e-02 23 4 4 1.164735e-01 22 4 5 -0.000000e+00 
25 3 4 4 21 5 4 6.082543e-01 21 6 4 1.869371e-02 22 5 4 3.730520e-01 21 5 5 -0.000000e+00 
24 4 4 4 23 5 4 8.447933e-02 23 4 4 1.493397e-02 22 5 4 9.005867e-01 23 5 5 -0.000000e+00 
25 4 4 4 22 6 4 1.957769e-01 22 5 4 1.247904e-01 21 6 4 6.794327e-01 22 6 5 -0.000000e+00 
24 5 4 4 22 5 4 2.059857e-02 22 6 4 8.898727e-01 23 5 4 8.952872e-02 22 5 5 -0.000000e+00 
25 5 4 4 21 6 4 5.971882e-03 21 7 4 7.193245e-01 22 6 4 2.747036e-01 21 6 5 -0.000000e+00 
24 6 4 4 22 6 4 1.285523e-01 22 7 4 7.977752e-01 23 6 4 7.367251e-02 22 6 5 -0.000000e+00 
25 6 4 4 21 7 4 2.132474e-01 21 8 4 5.669500e-01 22 7 4 2.198026e-01 21 7 5 -0.000000e+00 
24 7 4 4 22 7 4 2.391224e-01 22 8 4 7.010909e-01 23 7 4 5.978678e-02 22 7 5 -0.000000e+00 
25 7 4 4 21 8 4 4.246853e-01 21 9 4 4.049565e-01 22 8 4 1.703582e-01 21 8 5 -0.000000e+00 
24 8 4 4 22 8 4 3.519828e-01 22 9 4 6.004797e-01 23 8 4 4.753756e-02 22 8 5 -0.000000e+00 
25 8 4 4 21 9 4 6.397476e-01 21 10 4 2.346379e-01 22 9 4 1.256145e-01 21 9 5 -0.000000e+00 
24 9 4 4 22 9 4 4.668518e-01 22 10 4 4.964886e-01 23 9 4 3.665955e-02 22 9 5 -0.000000e+00 
25 9 4 4 21 10 4 8.579854e-01 21 11 4 5.707305e-02 22 10 4 8.494153e-02 21 10 5 -0.000000e+00 
24 10 4 4 22 10 4 5.834976e-01 22 11 4 3.895640e-01 23 10 4 2.693846e-02 22 10 5 -0.000000e+00 
25 10 4 4 21 10 4 7.901537e-02 21 11 4 8.704011e-01 22 10 4 5.058349e-02 21 10 5 -0.000000e+00 
24 11 4 4 22 11 4 7.017463e-01 22 12 4 2.800501e-01 23 11 4 1.820366e-02 22 11 5 -0.000000e+00 
25 11 4 4 21 11 4 3.027235e-01 21 12 4 6.826483e-01 22 11 4 1.462819e-02 21 11 5 -0.000000e+00 
25 -2 5 4 22 0 5 3.108201e-01 21 0 5 2.081470e-01 22 1 5 4.810329e-01 22 0 6 -0.000000e+00 
24 -1 5 4 22 0 5 4.528307e-01 22 1 5 3.148240e-01 23 0 5 2.323454e-01 22 0 6 -0.000000e+00 
25 -1 5 4 22 1 5 2.271440e-01 21 1 5 3.351323e-01 22 2 5 4.377238e-01 22 1 6 -0.000000e+00 
24 0 5 4 22 1 5 5.382090e-01 22 2 5 2.699991e-01 23 1 5 1.917919e-01 22 1 6 -0.000000e+00 
25 0 5 4 21 2 5 6.550296e-02 21 3 5 3.286814e-01 22 2 5 6.058156e-01 21 2 6 -0.000000e+00 
24 1 5 4 22 2 5 6.247482e-01 22 3 5 2.126889e-01 23 2 5 1.625629e-01 22 2 6 -0.000000e+00 
25 1 5 4 21 3 5 2.373299e-01 21 4 5 2.436635e-01 22 3 5 5.190066e-01 21 3 6 -0.000000e+00 
24 2 5 4 22 3 5 7.170380e-01 22 4 5 1.452076e-01 23 3 5 1.377545e-01 22 3 6 -0.000000e+00 
25 2 5 4 21 4 5 4.187735e-01 21 5 5 1.393412e-01 22 4 5 4.418853e-01 21 4 6 -0.000000e+00 
24 3 5 4 22 4 5 8.141947e-01 22 5 5 6.933187e-02 23 4 5 1.164735e-01 22 4 6 -0.000000e+00 
25 3 5 4 21 5 5 6.082543e-01 21 6 5 1.869371e-02 22 5 5 3.730520e-01 21 5 6 -0.000000e+00 
24 4 5 4 23 5 5 8.447933e-02 23 4 5 1.493397e-02 22 5 5 9.005867e-01 23 5 6 -0.000000e+00 
25 4 5 4 22 6 5 1.957769e-01 22 5 5 1.247904e-01 21 6 5 6.794327e-01 22 6 6 -0.000000e+00 
24 5 5 4 22 5 5 2.059857e-02 22 6 5 8.898727e-01 23 5 5 8.952872e-02 22 5 6 -0.000000e+00 
25 5 5 4 21 6 5 5.971882e-03 21 7 5 7.193245e-01 22 6 5 2.747036e-01 21 6 6 -0.000000e+00 
24 6 5 4 22 6 5 1.285523e-01 22 7 5 7.977752e-01 23 6 5 7.367251e-02 22 6 6 -0.000000e+00 
25 6 5 4 21 7 5 2.132474e-01 21 8 5 5.669500e-01 22 7 5 2.198026e-01 21 7 6 -0.000000e+00 
24 7 5 4 22 7 5 2.391224e-01 22 8 5 7.010909e-01 23 7 5 5.978678e-02 22 7 6 -0.000000e+00 
25 7 5 4 21 8 5 4.246853e-01 21 9 5 4.049565e-01 22 8 5 1.703582e-01 21 8 6 -0.000000e+00 
24 8 5 4 22 8 5 3.519828e-01 22 9 5 6.004797e-01 23 8 5 4.753756e-02 22 8 6 -0.000000e+00 
25 8 5 4 21 9 5 6.397476e-01 21 10 5 2.346379e-01 22 9 5 1.256145e-01 21 9 6 -0.000000e+00 
24 9 5 4 22 9 5 4.668518e-01 22 10 5 4.964886e-01 23 9 5 3.665955e-02 22 9 6 -0.000000e+00 
25 9 5 4 21 10 5 8.579854e-01 21 11 5 5.707305e-02 22 10 5 8.494153e-02 21 10 6 -0.000000e+00 
24 10 5 4 22 10 5 5.834976e-01 22 11 5 3.895640e-01 23 10 5 2.693846e-02 22 10 6 -0.000000e+00 
25 10 5 4 21 10 5 7.901537e-02 21 11 5 8.704011e-01 22 10 5 5.058349e-02 21 10 6 -0.000000e+00 
24 11 5 4 22 11 5 7.017463e-01 22 12 5 2.800501e-01 23 11 5 1.820366e-02 22 11 6 -0.000000e+00 
25 11 5 4 21 11 5 3.027235e-01 21 12 5 6.826483e-01 22 11 5 1.462819e-02 21 11 6 -0.000000e+00 
25 -2 8 4 22 0 8 3.108201e-01 21 0 8 2.081470e-01 22 1 8 4.810329e-01 22 0 9 -0.000000e+00 
24 -1 8 4 22 0 8 4.528307e-01 22 1 8 3.148240e-01 23 0 8 2.323454e-01 22 0 9 -0.000000e+00 
25 -1 8 4 22 1 8 2.271440e-01 21 1 8 3.351323e-01 22 2 8 4.377238e-01 22 1 9 -0.000000e+00 
24 0 8 4 22 1 8 5.382090e-01 22 2 8 2.699991e-01 23 1 8 1.917919e-01 22 1 9 -0.000000e+00 
25 0 8 4 21 2 8 6.550296e-02 21 3 8 3.286814e-01 22 2 8 6.058156e-01 21 2 9 -0.000000e+00 
24 1 8 4 22 2 8 6.247482e-01 22 3 8 2.126889e-01 23 2 8 1.625629e-01 22 2 9 -0.000000e+00 
25 1 8 4 21 3 8 2.373299e-01 21 4 8 2.436635e-01 22 3 8 5.190066e-01 21 3 9 -0.000000e+00 
24 2 8 4 22 3 8 7.170380e-01 22 4 8 1.452076e-01 23 3 8 1.377545e-01 22 3 9 -0.000000e+00 
25 2 8 4 21 4 8 4.187735e-01 21 5 8 1.393412e-01 22 4 8 4.418853e-01 21 4 9 -0.000000e+00 
24 3 8 4 22 4 8 8.141947e-01 22 5 8 6.933187e-02 23 4 8 1.164735e-01 22 4 9 -0.000000e+00 
25 3 8 4 21 5 8 6.082543e-01 21 6 8 1.869371e-02 22 5 8 3.730520e-01 21 5 9 -0.000000e+00 
24 4 8 4 23 5 8 8.447933e-02 23 4 8 1.493397e-02 22 5 8 9.005867e-01 23 5 9 -0.000000e+00 
25 4 8 4 22 6 8 1.957769e-01 22 5 8 1.247904e-01 21 6 8 6.794327e-01 22 6 9 -0.000000e+00 
24 5 8 4 22 5 8 2.059857e-02 22 6 8 8.898727e-01 23 5 8 8.952872e-02 22 5 9 -0.000000e+00 
25 5 8 4 21 6 8 5.971882e-03 21 7 8 7.193245e-01 22 6 8 2.747036e-01 21 6 9 -0.000000e+00 
24 6 8 4 22 6 8 1.285523e-01 22 7 8 7.977752e-01 23 6 8 7.367251e-02 22 6 9 -0.000000e+00 
25 6 8 4 21 7 8 2.132474e-01 21 8 8 5.669500e-01 22 7 8 2.198026e-01 21 7 9 -0.000000e+00 
24 7 8 4 22 7 8 2.391224e-01 22 8 8 7.010909e-01 23 7 8 5.978678e-02 22 7 9 -0.000000e+00 
25 7 8 4 21 8 8 4.246853e-01 21 9 8 4.049565e-01 22 8 8 1.703582e-01 21 8 9 -0.000000e+00 
24 8 8 4 22 8 8 3.519828e-01 22 9 8 6.004797e-01 23 8 8 4.753756e-02 22 8 9 -0.000000e+00 
25 8 8 4 21 9 8 6.397476e-01 21 10 8 2.346379e-01 22 9 8 1.256145e-01 21 9 9 -0.000000e+00 
24 9 8 4 22 9 8 4.668518e-01 22 10 8 4.964886e-01 23 9 8 3.665955e-02 22 9 9 -0.000000e+00 
25 9 8 4 21 10 8 8.579854e-01 21 11 8 5.707305e-02 22 10 8 8.494153e-02 21 10 9 -0.000000e+00 
24 10 8 4 22 10 8 5.834976e-01 22 11 8 3.895640e-01 23 10 8 2.693846e-02 22 10 9 -0.000000e+00 
25 10 8 4 21 10 8 7.901537e-02 21 11 8 8.704011e-01 22 10 8 5.058349e-02 21 10 9 -0.000000e+00 
24 11 8 4 22 11 8 7.017463e-01 22 12 8 2.800501e-01 23 11 8 1.820366e-02 22 11 9 -0.000000e+00 
25 11 8 4 21 11 8 3.027235e-01 21 12 8 6.826483e-01 22 11 8 1.462819e-02 21 11 9 -0.000000e+00 
25 -2 9 4 22 0 9 3.108201e-01 21 0 9 2.081470e-01 22 1 9 4.810329e-01 22 0 10 -0.000000e+00 
24 -1 9 4 22 0 9 4.528307e-01 22 1 9 3.148240e-01 23 0 9 2.323454e-01 22 0 10 -0.000000e+00 
25 -1 9 4 22 1 9 2.271440e-01 21 1 9 3.351323e-01 22 2 9 4.377238e-01 22 1 10 -0.000000e+00 
24 0 9 4 22 1 9 5.382090e-01 22 2 9 2.699991e-01 23 1 9 1.917919e-01 22 1 10 -0.000000e+00 
25 0 9 4 21 2 9 6.550296e-02 21 3 9 3.286814e-01 22 2 9 6.058156e-01 21 2 10 -0.000000e+00 
24 1 9 4 22 2 9 6.247482e-01 22 3 9 2.126889e-01 23 2 9 1.625629e-01 22 2 10 -0.000000e+00 
25 1 9 4 21 3 9 2.373299e-01 21 4 9 2.436635e-01 22 3 9 5.190066e-01 21 3 10 -0.000000e+00 
24 2 9 4 22 3 9 7.170380e-01 22 4 9 1.452076e-01 23 3 9 1.377545e-01 22 3 10 -0.000000e+00 
25 2 9 4 21 4 9 4.187735e-01 21 5 9 1.393412e-01 22 4 9 4.418853e-01 21 4 10 -0.000000e+00 
24 3 9 4 22 4 9 8.141947e-01 22 5 9 6.933187e-02 23 4 9 1.164735e-01 22 4 10 -0.000000e+00 
25 3 9 4 21 5 9 6.082543e-01 21 6 9 1.869371e-02 22 5 9 3.730520e-01 21 5 10 -0.000000e+00 
24 4 9 4 23 5 9 8.447933e-02 23 4 9 1.493397e-02 22 5 9 9.005867e-01 23 5 10 -0.000000e+00 
25 4 9 4 22 6 9 1.957769e-01 22 5 9 1.247904e-01 21 6 9 6.794327e-01 22 6 10 -0.000000e+00 
24 5 9 4 22 5 9 2.059857e-02 22 6 9 8.898727e-01 23 5 9 8.952872e-02 22 5 10 -0.000000e+00 
25 5 9 4 21 6 9 5.971882e-03 21 7 9 7.193245e-01 22 6 9 2.747036e-01 21 6 10 -0.000000e+00 
24 6 9 4 22 6 9 1.285523e-01 22 7 9 7.977752e-01 23 6 9 7.367251e-02 22 6 10 -0.000000e+00 
25 6 9 4 21 7 9 2.132474e-01 21 8 9 5.669500e-01 22 7 9 2.198026e-01 21 7 10 -0.000000e+00 
24 7 9 4 22 7 9 2.391224e-01 22 8 9 7.010909e-01 23 7 9 5.978678e-02 22 7 10 -0.000000e+00 
25 7 9 4 21 8 9 4.246853e-01 21 9 9 4.049565e-01 22 8 9 1.703582e-01 21 8 10 -0.000000e+00 
24 8 9 4 22 8 9 3.519828e-01 22 9 9 6.004797e-01 23 8 9 4.753756e-02 22 8 10 -0.000000e+00 
25 8 9 4 21 9 9 6.397476e-01 21 10 9 2.346379e-01 22 9 9 1.256145e-01 21 9 10 -0.000000e+00 
24 9 9 4 22 9 9 4.668518e-01 22 10 9 4.964886e-01 23 9 9 3.665955e-02 22 9 10 -0.000000e+00 
25 9 9 4 21 10 9 8.579854e-01 21 11 9 5.707305e-02 22 10 9 8.494153e-02 21 10 10 -0.000000e+00 
24 10 9 4 22 10 9 5.834976e-01 22 11 9 3.895640e-01 23 10 9 2.693846e-02 22 10 10 -0.000000e+00 
25 10 9 4 21 10 9 7.901537e-02 21 11 9 8.704011e-01 22 10 9 5.058349e-02 21 10 10 -0.000000e+00 
24 11 9 4 22 11 9 7.017463e-01 22 12 9 2.800501e-01 23 11 9 1.820366e-02 22 11 10 -0.000000e+00 
25 11 9 4 21 11 9 3.027235e-01 21 12 9 6.826483e-01 22 11 9 1.462819e-02 21 11 10 -0.000000e+00 
