center
3D
672
0 -2 0 4 2 22 0 2.647730e-06 2 21 0 3.742196e-01 1 22 0 6.257778e-01 2 22 1 -0.000000e+00 
1 -2 0 4 2 21 0 3.534246e-01 2 22 0 3.918535e-01 3 21 0 2.547219e-01 2 21 1 -0.000000e+00 
2 -2 0 4 3 21 0 6.836717e-01 3 22 0 1.811047e-01 4 21 0 1.352235e-01 3 21 1 -0.000000e+00 
3 -2 0 4 5 21 0 8.681907e-03 5 20 0 7.048258e-03 4 21 0 9.842698e-01 5 21 1 -0.000000e+00 
4 -2 0 4 5 20 0 6.934670e-02 4 20 0 1.037672e-01 5 21 0 8.268861e-01 5 20 1 -0.000000e+00 
5 -2 0 4 6 20 0 9.425816e-02 5 20 0 2.232682e-01 6 21 0 6.824736e-01 6 20 1 -0.000000e+00 
6 -2 0 4 7 20 0 9.789982e-02 6 20 0 3.427619e-01 7 21 0 5.593383e-01 7 20 1 -0.000000e+00 
7 -2 0 4 7 20 0 5.073051e-03 7 21 0 4.571836e-01 8 20 0 5.377434e-01 7 20 1 -0.000000e+00 
8 -2 0 4 8 20 0 2.060093e-01 8 21 0 3.757500e-01 9 20 0 4.182407e-01 8 20 1 -0.000000e+00 
9 -2 0 4 9 20 0 3.864097e-01 9 21 0 3.148469e-01 10 20 0 2.987434e-01 9 20 1 -0.000000e+00 
10 -2 0 4 10 20 0 5.464279e-01 10 21 0 2.743260e-01 11 20 0 1.792460e-01 10 20 1 -0.000000e+00 
11 -2 0 4 11 20 0 6.861646e-01 11 21 0 2.540868e-01 12 20 0 5.974868e-02 11 20 1 -0.000000e+00 
12 -2 0 4 12 20 0 6.861646e-01 11 20 0 5.974868e-02 12 21 0 2.540868e-01 12 20 1 -0.000000e+00 
13 -2 0 4 13 20 0 5.464279e-01 12 20 0 1.792460e-01 13 21 0 2.743260e-01 13 20 1 -0.000000e+00 
14 -2 0 4 14 20 0 3.864097e-01 13 20 0 2.987434e-01 14 21 0 3.148469e-01 14 20 1 -0.000000e+00 
15 -2 0 4 14 20 0 4.249077e-02 14 21 0 3.757500e-01 15 20 0 5.817593e-01 14 20 1 -0.000000e+00 
16 -2 0 4 15 20 0 8.055984e-02 15 21 0 4.571836e-01 16 20 0 4.622566e-01 15 20 1 -0.000000e+00 
17 -2 0 4 16 20 0 9.790247e-02 16 21 0 5.593383e-01 17 20 0 3.427593e-01 16 20 1 -0.000000e+00 
18 -2 0 4 17 20 0 9.425714e-02 17 21 0 6.824736e-01 18 20 0 2.232692e-01 17 20 1 -0.000000e+00 
19 -2 0 4 18 20 0 6.934405e-02 18 21 0 8.268861e-01 19 20 0 1.037698e-01 18 20 1 -0.000000e+00 
20 -2 0 4 19 21 0 9.772242e-01 19 20 0 7.048258e-03 18 21 0 1.572752e-02 19 21 1 -0.000000e+00 
21 -2 0 4 20 21 0 6.836704e-01 19 21 0 1.352249e-01 20 22 0 1.811047e-01 20 21 1 -0.000000e+00 
22 -2 0 4 21 21 0 3.534243e-01 20 21 0 2.547222e-01 21 22 0 3.918535e-01 21 21 1 -0.000000e+00 
23 -2 0 4 22 21 0 -0.000000e+00 21 21 0 3.742196e-01 22 22 0 6.257804e-01 22 21 1 -0.000000e+00 
0 -1 0 4 1 22 0 3.742209e-01 0 22 0 3.128889e-01 1 23 0 3.128902e-01 1 22 1 -0.000000e+00 
1 -1 0 4 1 22 0 1.767122e-01 1 23 0 1.959267e-01 2 22 0 6.273611e-01 1 22 1 -0.000000e+00 
2 -1 0 4 2 22 0 3.418359e-01 2 23 0 9.055237e-02 3 22 0 5.676117e-01 2 22 1 -0.000000e+00 
3 -1 0 4 4 22 0 5.043410e-01 4 21 0 3.524129e-03 3 22 0 4.921349e-01 4 22 1 -0.000000e+00 
4 -1 0 4 5 22 0 3.615595e-01 5 21 0 8.655694e-02 4 22 0 5.518836e-01 5 22 1 -0.000000e+00 
5 -1 0 4 6 22 0 2.296027e-01 6 21 0 1.587632e-01 5 22 0 6.116341e-01 6 22 1 -0.000000e+00 
6 -1 0 4 7 22 0 1.082882e-01 7 21 0 2.203309e-01 6 22 0 6.713810e-01 7 22 1 -0.000000e+00 
7 -1 0 4 7 21 0 2.536525e-03 7 22 0 7.285918e-01 8 21 0 2.688717e-01 7 21 1 -0.000000e+00 
8 -1 0 4 8 21 0 1.030046e-01 8 22 0 6.878750e-01 9 21 0 2.091204e-01 8 21 1 -0.000000e+00 
9 -1 0 4 9 21 0 1.932049e-01 9 22 0 6.574234e-01 10 21 0 1.493717e-01 9 21 1 -0.000000e+00 
10 -1 0 4 10 21 0 2.732140e-01 10 22 0 6.371630e-01 11 21 0 8.962302e-02 10 21 1 -0.000000e+00 
11 -1 0 4 11 21 0 3.430823e-01 11 22 0 6.270434e-01 12 21 0 2.987434e-02 11 21 1 -0.000000e+00 
12 -1 0 4 12 21 0 3.430823e-01 11 21 0 2.987434e-02 12 22 0 6.270434e-01 12 21 1 -0.000000e+00 
13 -1 0 4 13 21 0 2.732140e-01 12 21 0 8.962302e-02 13 22 0 6.371630e-01 13 21 1 -0.000000e+00 
14 -1 0 4 14 21 0 1.932049e-01 13 21 0 1.493717e-01 14 22 0 6.574234e-01 14 21 1 -0.000000e+00 
15 -1 0 4 15 21 0 1.030046e-01 14 21 0 2.091204e-01 15 22 0 6.878750e-01 15 21 1 -0.000000e+00 
16 -1 0 4 16 21 0 2.536525e-03 15 21 0 2.688717e-01 16 22 0 7.285918e-01 16 21 1 -0.000000e+00 
17 -1 0 4 17 22 0 4.510488e-01 17 21 0 2.203309e-01 16 22 0 3.286204e-01 17 22 1 -0.000000e+00 
18 -1 0 4 18 22 0 4.528714e-01 18 21 0 1.587632e-01 17 22 0 3.883654e-01 18 22 1 -0.000000e+00 
19 -1 0 4 19 22 0 4.653280e-01 19 21 0 8.655694e-02 18 22 0 4.481151e-01 19 22 1 -0.000000e+00 
20 -1 0 4 20 22 0 4.886121e-01 20 21 0 3.524129e-03 19 22 0 5.078638e-01 20 22 1 -0.000000e+00 
21 -1 0 4 20 22 0 4.770601e-01 20 23 0 9.055237e-02 21 22 0 4.323876e-01 20 22 1 -0.000000e+00 
22 -1 0 4 21 22 0 4.314344e-01 21 23 0 1.959267e-01 22 22 0 3.726389e-01 21 22 1 -0.000000e+00 
23 -1 0 4 22 22 0 3.742196e-01 22 23 0 3.128902e-01 23 22 0 3.128902e-01 22 22 1 -0.000000e+00 
0 -2 1 4 2 22 1 2.647730e-06 2 21 1 3.742196e-01 1 22 1 6.257778e-01 2 22 2 -0.000000e+00 
1 -2 1 4 2 21 1 3.534246e-01 2 22 1 3.918535e-01 3 21 1 2.547219e-01 2 21 2 -0.000000e+00 
2 -2 1 4 3 21 1 6.836717e-01 3 22 1 1.811047e-01 4 21 1 1.352235e-01 3 21 2 -0.000000e+00 
3 -2 1 4 5 21 1 8.681907e-03 5 20 1 7.048258e-03 4 21 1 9.842698e-01 5 21 2 -0.000000e+00 
4 -2 1 4 5 20 1 6.934670e-02 4 20 1 1.037672e-01 5 21 1 8.268861e-01 5 20 2 -0.000000e+00 
5 -2 1 4 6 20 1 9.425816e-02 5 20 1 2.232682e-01 6 21 1 6.824736e-01 6 20 2 -0.000000e+00 
6 -2 1 4 7 20 1 9.789982e-02 6 20 1 3.427619e-01 7 21 1 5.593383e-01 7 20 2 -0.000000e+00 
7 -2 1 4 7 20 1 5.073051e-03 7 21 1 4.571836e-01 8 20 1 5.377434e-01 7 20 2 -0.000000e+00 
8 -2 1 4 8 20 1 2.060093e-01 8 21 1 3.757500e-01 9 20 1 4.182407e-01 8 20 2 -0.000000e+00 
9 -2 1 4 9 20 1 3.864097e-01 9 21 1 3.148469e-01 10 20 1 2.987434e-01 9 20 2 -0.000000e+00 
10 -2 1 4 10 20 1 5.464279e-01 10 21 1 2.743260e-01 11 20 1 1.792460e-01 10 20 2 -0.000000e+00 
11 -2 1 4 11 20 1 6.861646e-01 11 21 1 2.540868e-01 12 20 1 5.974868e-02 11 20 2 -0.000000e+00 
12 -2 1 4 12 20 1 6.861646e-01 11 20 1 5.974868e-02 12 21 1 2.540868e-01 12 20 2 -0.000000e+00 
13 -2 1 4 13 20 1 5.464279e-01 12 20 1 1.792460e-01 13 21 1 2.743260e-01 13 20 2 -0.000000e+00 
14 -2 1 4 14 20 1 3.864097e-01 13 20 1 2.987434e-01 14 21 1 3.148469e-01 14 20 2 -0.000000e+00 
15 -2 1 4 14 20 1 4.249077e-02 14 21 1 3.757500e-01 15 20 1 5.817593e-01 14 20 2 -0.000000e+00 
16 -2 1 4 15 20 1 8.055984e-02 15 21 1 4.571836e-01 16 20 1 4.622566e-01 15 20 2 -0.000000e+00 
17 -2 1 4 16 20 1 9.790247e-02 16 21 1 5.593383e-01 17 20 1 3.427593e-01 16 20 2 -0.000000e+00 
18 -2 1 4 17 20 1 9.425714e-02 17 21 1 6.824736e-01 18 20 1 2.232692e-01 17 20 2 -0.000000e+00 
19 -2 1 4 18 20 1 6.934405e-02 18 21 1 8.268861e-01 19 20 1 1.037698e-01 18 20 2 -0.000000e+00 
20 -2 1 4 19 21 1 9.772242e-01 19 20 1 7.048258e-03 18 21 1 1.572752e-02 19 21 2 -0.000000e+00 
21 -2 1 4 20 21 1 6.836704e-01 19 21 1 1.352249e-01 20 22 1 1.811047e-01 20 21 2 -0.000000e+00 
22 -2 1 4 21 21 1 3.534243e-01 20 21 1 2.547222e-01 21 22 1 3.918535e-01 21 21 2 -0.000000e+00 
23 -2 1 4 22 21 1 -0.000000e+00 21 21 1 3.742196e-01 22 22 1 6.257804e-01 22 21 2 -0.000000e+00 
0 -1 1 4 1 22 1 3.742209e-01 0 22 1 3.128889e-01 1 23 1 3.128902e-01 1 22 2 -0.000000e+00 
1 -1 1 4 1 22 1 1.767122e-01 1 23 1 1.959267e-01 2 22 1 6.273611e-01 1 22 2 -0.000000e+00 
2 -1 1 4 2 22 1 3.418359e-01 2 23 1 9.055237e-02 3 22 1 5.676117e-01 2 22 2 -0.000000e+00 
3 -1 1 4 4 22 1 5.043410e-01 4 21 1 3.524129e-03 3 22 1 4.921349e-01 4 22 2 -0.000000e+00 
4 -1 1 4 5 22 1 3.615595e-01 5 21 1 8.655694e-02 4 22 1 5.518836e-01 5 22 2 -0.000000e+00 
5 -1 1 4 6 22 1 2.296027e-01 6 21 1 1.587632e-01 5 22 1 6.116341e-01 6 22 2 -0.000000e+00 
6 -1 1 4 7 22 1 1.082882e-01 7 21 1 2.203309e-01 6 22 1 6.713810e-01 7 22 2 -0.000000e+00 
7 -1 1 4 7 21 1 2.536525e-03 7 22 1 7.285918e-01 8 21 1 2.688717e-01 7 21 2 -0.000000e+00 
8 -1 1 4 8 21 1 1.030046e-01 8 22 1 6.878750e-01 9 21 1 2.091204e-01 8 21 2 -0.000000e+00 
9 -1 1 4 9 21 1 1.932049e-01 9 22 1 6.574234e-01 10 21 1 1.493717e-01 9 21 2 -0.000000e+00 
10 -1 1 4 10 21 1 2.732140e-01 10 22 1 6.371630e-01 11 21 1 8.962302e-02 10 21 2 -0.000000e+00 
11 -1 1 4 11 21 1 3.430823e-01 11 22 1 6.270434e-01 12 21 1 2.987434e-02 11 21 2 -0.000000e+00 
12 -1 1 4 12 21 1 3.430823e-01 11 21 1 2.987434e-02 12 22 1 6.270434e-01 12 21 2 -0.000000e+00 
13 -1 1 4 13 21 1 2.732140e-01 12 21 1 8.962302e-02 13 22 1 6.371630e-01 13 21 2 -0.000000e+00 
14 -1 1 4 14 21 1 1.932049e-01 13 21 1 1.493717e-01 14 22 1 6.574234e-01 14 21 2 -0.000000e+00 
15 -1 1 4 15 21 1 1.030046e-01 14 21 1 2.091204e-01 15 22 1 6.878750e-01 15 21 2 -0.000000e+00 
16 -1 1 4 16 21 1 2.536525e-03 15 21 1 2.688717e-01 16 22 1 7.285918e-01 16 21 2 -0.000000e+00 
17 -1 1 4 17 22 1 4.510488e-01 17 21 1 2.203309e-01 16 22 1 3.286204e-01 17 22 2 -0.000000e+00 
18 -1 1 4 18 22 1 4.528714e-01 18 21 1 1.587632e-01 17 22 1 3.883654e-01 18 22 2 -0.000000e+00 
19 -1 1 4 19 22 1 4.653280e-01 19 21 1 8.655694e-02 18 22 1 4.481151e-01 19 22 2 -0.000000e+00 
20 -1 1 4 20 22 1 4.886121e-01 20 21 1 3.524129e-03 19 22 1 5.078638e-01 20 22 2 -0.000000e+00 
21 -1 1 4 20 22 1 4.770601e-01 20 23 1 9.055237e-02 21 22 1 4.323876e-01 20 22 2 -0.000000e+00 
22 -1 1 4 21 22 1 4.314344e-01 21 23 1 1.959267e-01 22 22 1 3.726389e-01 21 22 2 -0.000000e+00 
23 -1 1 4 22 22 1 3.742196e-01 22 23 1 3.128902e-01 23 22 1 3.128902e-01 22 22 2 -0.000000e+00 
0 -2 2 4 2 22 2 2.647730e-06 2 21 2 3.742196e-01 1 22 2 6.257778e-01 2 22 3 -0.000000e+00 
1 -2 2 4 2 21 2 3.534246e-01 2 22 2 3.918535e-01 3 21 2 2.547219e-01 2 21 3 -0.000000e+00 
2 -2 2 4 3 21 2 6.836717e-01 3 22 2 1.811047e-01 4 21 2 1.352235e-01 3 21 3 -0.000000e+00 
3 -2 2 4 5 21 2 8.681907e-03 5 20 2 7.048258e-03 4 21 2 9.842698e-01 5 21 3 -0.000000e+00 
4 -2 2 4 5 20 2 6.934670e-02 4 20 2 1.037672e-01 5 21 2 8.268861e-01 5 20 3 -0.000000e+00 
5 -2 2 4 6 20 2 9.425816e-02 5 20 2 2.232682e-01 6 21 2 6.824736e-01 6 20 3 -0.000000e+00 
6 -2 2 4 7 20 2 9.789982e-02 6 20 2 3.427619e-01 7 21 2 5.593383e-01 7 20 3 -0.000000e+00 
7 -2 2 4 7 20 2 5.073051e-03 7 21 2 4.571836e-01 8 20 2 5.377434e-01 7 20 3 -0.000000e+00 
8 -2 2 4 8 20 2 2.060093e-01 8 21 2 3.757500e-01 9 20 2 4.182407e-01 8 20 3 -0.000000e+00 
9 -2 2 4 9 20 2 3.864097e-01 9 21 2 3.148469e-01 10 20 2 2.987434e-01 9 20 3 -0.000000e+00 
10 -2 2 4 10 20 2 5.464279e-01 10 21 2 2.743260e-01 11 20 2 1.792460e-01 10 20 3 -0.000000e+00 
11 -2 2 4 11 20 2 6.861646e-01 11 21 2 2.540868e-01 12 20 2 5.974868e-02 11 20 3 -0.000000e+00 
12 -2 2 4 12 20 2 6.861646e-01 11 20 2 5.974868e-02 12 21 2 2.540868e-01 12 20 3 -0.000000e+00 
13 -2 2 4 13 20 2 5.464279e-01 12 20 2 1.792460e-01 13 21 2 2.743260e-01 13 20 3 -0.000000e+00 
14 -2 2 4 14 20 2 3.864097e-01 13 20 2 2.987434e-01 14 21 2 3.148469e-01 14 20 3 -0.000000e+00 
15 -2 2 4 14 20 2 4.249077e-02 14 21 2 3.757500e-01 15 20 2 5.817593e-01 14 20 3 -0.000000e+00 
16 -2 2 4 15 20 2 8.055984e-02 15 21 2 4.571836e-01 16 20 2 4.622566e-01 15 20 3 -0.000000e+00 
17 -2 2 4 16 20 2 9.790247e-02 16 21 2 5.593383e-01 17 20 2 3.427593e-01 16 20 3 -0.000000e+00 
18 -2 2 4 17 20 2 9.425714e-02 17 21 2 6.824736e-01 18 20 2 2.232692e-01 17 20 3 -0.000000e+00 
19 -2 2 4 18 20 2 6.934405e-02 18 21 2 8.268861e-01 19 20 2 1.037698e-01 18 20 3 -0.000000e+00 
20 -2 2 4 19 21 2 9.772242e-01 19 20 2 7.048258e-03 18 21 2 1.572752e-02 19 21 3 -0.000000e+00 
21 -2 2 4 20 21 2 6.836704e-01 19 21 2 1.352249e-01 20 22 2 1.811047e-01 20 21 3 -0.000000e+00 
22 -2 2 4 21 21 2 3.534243e-01 20 21 2 2.547222e-01 21 22 2 3.918535e-01 21 21 3 -0.000000e+00 
23 -2 2 4 22 21 2 -0.000000e+00 21 21 2 3.742196e-01 22 22 2 6.257804e-01 22 21 3 -0.000000e+00 
0 -1 2 4 1 22 2 3.742209e-01 0 22 2 3.128889e-01 1 23 2 3.128902e-01 1 22 3 -0.000000e+00 
1 -1 2 4 1 22 2 1.767122e-01 1 23 2 1.959267e-01 2 22 2 6.273611e-01 1 22 3 -0.000000e+00 
2 -1 2 4 2 22 2 3.418359e-01 2 23 2 9.055237e-02 3 22 2 5.676117e-01 2 22 3 -0.000000e+00 
3 -1 2 4 4 22 2 5.043410e-01 4 21 2 3.524129e-03 3 22 2 4.921349e-01 4 22 3 -0.000000e+00 
4 -1 2 4 5 22 2 3.615595e-01 5 21 2 8.655694e-02 4 22 2 5.518836e-01 5 22 3 -0.000000e+00 
5 -1 2 4 6 22 2 2.296027e-01 6 21 2 1.587632e-01 5 22 2 6.116341e-01 6 22 3 -0.000000e+00 
6 -1 2 4 7 22 2 1.082882e-01 7 21 2 2.203309e-01 6 22 2 6.713810e-01 7 22 3 -0.000000e+00 
7 -1 2 4 7 21 2 2.536525e-03 7 22 2 7.285918e-01 8 21 2 2.688717e-01 7 21 3 -0.000000e+00 
8 -1 2 4 8 21 2 1.030046e-01 8 22 2 6.878750e-01 9 21 2 2.091204e-01 8 21 3 -0.000000e+00 
9 -1 2 4 9 21 2 1.932049e-01 9 22 2 6.574234e-01 10 21 2 1.493717e-01 9 21 3 -0.000000e+00 
10 -1 2 4 10 21 2 2.732140e-01 10 22 2 6.371630e-01 11 21 2 8.962302e-02 10 21 3 -0.000000e+00 
11 -1 2 4 11 21 2 3.430823e-01 11 22 2 6.270434e-01 12 21 2 2.987434e-02 11 21 3 -0.000000e+00 
12 -1 2 4 12 21 2 3.430823e-01 11 21 2 2.987434e-02 12 22 2 6.270434e-01 12 21 3 -0.000000e+00 
13 -1 2 4 13 21 2 2.732140e-01 12 21 2 8.962302e-02 13 22 2 6.371630e-01 13 21 3 -0.000000e+00 
14 -1 2 4 14 21 2 1.932049e-01 13 21 2 1.493717e-01 14 22 2 6.574234e-01 14 21 3 -0.000000e+00 
15 -1 2 4 15 21 2 1.030046e-01 14 21 2 2.091204e-01 15 22 2 6.878750e-01 15 21 3 -0.000000e+00 
16 -1 2 4 16 21 2 2.536525e-03 15 21 2 2.688717e-01 16 22 2 7.285918e-01 16 21 3 -0.000000e+00 
17 -1 2 4 17 22 2 4.510488e-01 17 21 2 2.203309e-01 16 22 2 3.286204e-01 17 22 3 -0.000000e+00 
18 -1 2 4 18 22 2 4.528714e-01 18 21 2 1.587632e-01 17 22 2 3.883654e-01 18 22 3 -0.000000e+00 
19 -1 2 4 19 22 2 4.653280e-01 19 21 2 8.655694e-02 18 22 2 4.481151e-01 19 22 3 -0.000000e+00 
20 -1 2 4 20 22 2 4.886121e-01 20 21 2 3.524129e-03 19 22 2 5.078638e-01 20 22 3 -0.000000e+00 
21 -1 2 4 20 22 2 4.770601e-01 20 23 2 9.055237e-02 21 22 2 4.323876e-01 20 22 3 -0.000000e+00 
22 -1 2 4 21 22 2 4.314344e-01 21 23 2 1.959267e-01 22 22 2 3.726389e-01 21 22 3 -0.000000e+00 
23 -1 2 4 22 22 2 3.742196e-01 22 23 2 3.128902e-01 23 22 2 3.128902e-01 22 22 3 -0.000000e+00 
0 -2 3 4 2 22 3 2.647730e-06 2 21 3 3.742196e-01 1 22 3 6.257778e-01 2 22 4 -0.000000e+00 
1 -2 3 4 2 21 3 3.534246e-01 2 22 3 3.918535e-01 3 21 3 2.547219e-01 2 21 4 -0.000000e+00 
2 -2 3 4 3 21 3 6.836717e-01 3 22 3 1.811047e-01 4 21 3 1.352235e-01 3 21 4 -0.000000e+00 
3 -2 3 4 5 21 3 8.681907e-03 5 20 3 7.048258e-03 4 21 3 9.842698e-01 5 21 4 -0.000000e+00 
4 -2 3 4 5 20 3 6.934670e-02 4 20 3 1.037672e-01 5 21 3 8.268861e-01 5 20 4 -0.000000e+00 
5 -2 3 4 6 20 3 9.425816e-02 5 20 3 2.232682e-01 6 21 3 6.824736e-01 6 20 4 -0.000000e+00 
6 -2 3 4 7 20 3 9.789982e-02 6 20 3 3.427619e-01 7 21 3 5.593383e-01 7 20 4 -0.000000e+00 
7 -2 3 4 7 20 3 5.073051e-03 7 21 3 4.571836e-01 8 20 3 5.377434e-01 7 20 4 -0.000000e+00 
8 -2 3 4 8 20 3 2.060093e-01 8 21 3 3.757500e-01 9 20 3 4.182407e-01 8 20 4 -0.000000e+00 
9 -2 3 4 9 20 3 3.864097e-01 9 21 3 3.148469e-01 10 20 3 2.987434e-01 9 20 4 -0.000000e+00 
10 -2 3 4 10 20 3 5.464279e-01 10 21 3 2.743260e-01 11 20 3 1.792460e-01 10 20 4 -0.000000e+00 
11 -2 3 4 11 20 3 6.861646e-01 11 21 3 2.540868e-01 12 20 3 5.974868e-02 11 20 4 -0.000000e+00 
12 -2 3 4 12 20 3 6.861646e-01 11 20 3 5.974868e-02 12 21 3 2.540868e-01 12 20 4 -0.000000e+00 
13 -2 3 4 13 20 3 5.464279e-01 12 20 3 1.792460e-01 13 21 3 2.743260e-01 13 20 4 -0.000000e+00 
14 -2 3 4 14 20 3 3.864097e-01 13 20 3 2.987434e-01 14 21 3 3.148469e-01 14 20 4 -0.000000e+00 
15 -2 3 4 14 20 3 4.249077e-02 14 21 3 3.757500e-01 15 20 3 5.817593e-01 14 20 4 -0.000000e+00 
16 -2 3 4 15 20 3 8.055984e-02 15 21 3 4.571836e-01 16 20 3 4.622566e-01 15 20 4 -0.000000e+00 
17 -2 3 4 16 20 3 9.790247e-02 16 21 3 5.593383e-01 17 20 3 3.427593e-01 16 20 4 -0.000000e+00 
18 -2 3 4 17 20 3 9.425714e-02 17 21 3 6.824736e-01 18 20 3 2.232692e-01 17 20 4 -0.000000e+00 
19 -2 3 4 18 20 3 6.934405e-02 18 21 3 8.268861e-01 19 20 3 1.037698e-01 18 20 4 -0.000000e+00 
20 -2 3 4 19 21 3 9.772242e-01 19 20 3 7.048258e-03 18 21 3 1.572752e-02 19 21 4 -0.000000e+00 
21 -2 3 4 20 21 3 6.836704e-01 19 21 3 1.352249e-01 20 22 3 1.811047e-01 20 21 4 -0.000000e+00 
22 -2 3 4 21 21 3 3.534243e-01 20 21 3 2.547222e-01 21 22 3 3.918535e-01 21 21 4 -0.000000e+00 
23 -2 3 4 22 21 3 -0.000000e+00 21 21 3 3.742196e-01 22 22 3 6.257804e-01 22 21 4 -0.000000e+00 
0 -1 3 4 1 22 3 3.742209e-01 0 22 3 3.128889e-01 1 23 3 3.128902e-01 1 22 4 -0.000000e+00 
1 -1 3 4 1 22 3 1.767122e-01 1 23 3 1.959267e-01 2 22 3 6.273611e-01 1 22 4 -0.000000e+00 
2 -1 3 4 2 22 3 3.418359e-01 2 23 3 9.055237e-02 3 22 3 5.676117e-01 2 22 4 -0.000000e+00 
3 -1 3 4 4 22 3 5.043410e-01 4 21 3 3.524129e-03 3 22 3 4.921349e-01 4 22 4 -0.000000e+00 
4 -1 3 4 5 22 3 3.615595e-01 5 21 3 8.655694e-02 4 22 3 5.518836e-01 5 22 4 -0.000000e+00 
5 -1 3 4 6 22 3 2.296027e-01 6 21 3 1.587632e-01 5 22 3 6.116341e-01 6 22 4 -0.000000e+00 
6 -1 3 4 7 22 3 1.082882e-01 7 21 3 2.203309e-01 6 22 3 6.713810e-01 7 22 4 -0.000000e+00 
7 -1 3 4 7 21 3 2.536525e-03 7 22 3 7.285918e-01 8 21 3 2.688717e-01 7 21 4 -0.000000e+00 
8 -1 3 4 8 21 3 1.030046e-01 8 22 3 6.878750e-01 9 21 3 2.091204e-01 8 21 4 -0.000000e+00 
9 -1 3 4 9 21 3 1.932049e-01 9 22 3 6.574234e-01 10 21 3 1.493717e-01 9 21 4 -0.000000e+00 
10 -1 3 4 10 21 3 2.732140e-01 10 22 3 6.371630e-01 11 21 3 8.962302e-02 10 21 4 -0.000000e+00 
11 -1 3 4 11 21 3 3.430823e-01 11 22 3 6.270434e-01 12 21 3 2.987434e-02 11 21 4 -0.000000e+00 
12 -1 3 4 12 21 3 3.430823e-01 11 21 3 2.987434e-02 12 22 3 6.270434e-01 12 21 4 -0.000000e+00 
13 -1 3 4 13 21 3 2.732140e-01 12 21 3 8.962302e-02 13 22 3 6.371630e-01 13 21 4 -0.000000e+00 
14 -1 3 4 14 21 3 1.932049e-01 13 21 3 1.493717e-01 14 22 3 6.574234e-01 14 21 4 -0.000000e+00 
15 -1 3 4 15 21 3 1.030046e-01 14 21 3 2.091204e-01 15 22 3 6.878750e-01 15 21 4 -0.000000e+00 
16 -1 3 4 16 21 3 2.536525e-03 15 21 3 2.688717e-01 16 22 3 7.285918e-01 16 21 4 -0.000000e+00 
17 -1 3 4 17 22 3 4.510488e-01 17 21 3 2.203309e-01 16 22 3 3.286204e-01 17 22 4 -0.000000e+00 
18 -1 3 4 18 22 3 4.528714e-01 18 21 3 1.587632e-01 17 22 3 3.883654e-01 18 22 4 -0.000000e+00 
19 -1 3 4 19 22 3 4.653280e-01 19 21 3 8.655694e-02 18 22 3 4.481151e-01 19 22 4 -0.000000e+00 
20 -1 3 4 20 22 3 4.886121e-01 20 21 3 3.524129e-03 19 22 3 5.078638e-01 20 22 4 -0.000000e+00 
21 -1 3 4 20 22 3 4.770601e-01 20 23 3 9.055237e-02 21 22 3 4.323876e-01 20 22 4 -0.000000e+00 
22 -1 3 4 21 22 3 4.314344e-01 21 23 3 1.959267e-01 22 22 3 3.726389e-01 21 22 4 -0.000000e+00 
23 -1 3 4 22 22 3 3.742196e-01 22 23 3 3.128902e-01 23 22 3 3.128902e-01 22 22 4 -0.000000e+00 
0 -2 7 4 2 22 7 2.647730e-06 2 21 7 3.742196e-01 1 22 7 6.257778e-01 2 22 8 -0.000000e+00 
1 -2 7 4 2 21 7 3.534246e-01 2 22 7 3.918535e-01 3 21 7 2.547219e-01 2 21 8 -0.000000e+00 
2 -2 7 4 3 21 7 6.836717e-01 3 22 7 1.811047e-01 4 21 7 1.352235e-01 3 21 8 -0.000000e+00 
3 -2 7 4 5 21 7 8.681907e-03 5 20 7 7.048258e-03 4 21 7 9.842698e-01 5 21 8 -0.000000e+00 
4 -2 7 4 5 20 7 6.934670e-02 4 20 7 1.037672e-01 5 21 7 8.268861e-01 5 20 8 -0.000000e+00 
5 -2 7 4 6 20 7 9.425816e-02 5 20 7 2.232682e-01 6 21 7 6.824736e-01 6 20 8 -0.000000e+00 
6 -2 7 4 7 20 7 9.789982e-02 6 20 7 3.427619e-01 7 21 7 5.593383e-01 7 20 8 -0.000000e+00 
7 -2 7 4 7 20 7 5.073051e-03 7 21 7 4.571836e-01 8 20 7 5.377434e-01 7 20 8 -0.000000e+00 
8 -2 7 4 8 20 7 2.060093e-01 8 21 7 3.757500e-01 9 20 7 4.182407e-01 8 20 8 -0.000000e+00 
9 -2 7 4 9 20 7 3.864097e-01 9 21 7 3.148469e-01 10 20 7 2.987434e-01 9 20 8 -0.000000e+00 
10 -2 7 4 10 20 7 5.464279e-01 10 21 7 2.743260e-01 11 20 7 1.792460e-01 10 20 8 -0.000000e+00 
11 -2 7 4 11 20 7 6.861646e-01 11 21 7 2.540868e-01 12 20 7 5.974868e-02 11 20 8 -0.000000e+00 
12 -2 7 4 12 20 7 6.861646e-01 11 20 7 5.974868e-02 12 21 7 2.540868e-01 12 20 8 -0.000000e+00 
13 -2 7 4 13 20 7 5.464279e-01 12 20 7 1.792460e-01 13 21 7 2.743260e-01 13 20 8 -0.000000e+00 
14 -2 7 4 14 20 7 3.864097e-01 13 20 7 2.987434e-01 14 21 7 3.148469e-01 14 20 8 -0.000000e+00 
15 -2 7 4 14 20 7 4.249077e-02 14 21 7 3.757500e-01 15 20 7 5.817593e-01 14 20 8 -0.000000e+00 
16 -2 7 4 15 20 7 8.055984e-02 15 21 7 4.571836e-01 16 20 7 4.622566e-01 15 20 8 -0.000000e+00 
17 -2 7 4 16 20 7 9.790247e-02 16 21 7 5.593383e-01 17 20 7 3.427593e-01 16 20 8 -0.000000e+00 
18 -2 7 4 17 20 7 9.425714e-02 17 21 7 6.824736e-01 18 20 7 2.232692e-01 17 20 8 -0.000000e+00 
19 -2 7 4 18 20 7 6.934405e-02 18 21 7 8.268861e-01 19 20 7 1.037698e-01 18 20 8 -0.000000e+00 
20 -2 7 4 19 21 7 9.772242e-01 19 20 7 7.048258e-03 18 21 7 1.572752e-02 19 21 8 -0.000000e+00 
21 -2 7 4 20 21 7 6.836704e-01 19 21 7 1.352249e-01 20 22 7 1.811047e-01 20 21 8 -0.000000e+00 
22 -2 7 4 21 21 7 3.534243e-01 20 21 7 2.547222e-01 21 22 7 3.918535e-01 21 21 8 -0.000000e+00 
23 -2 7 4 22 21 7 -0.000000e+00 21 21 7 3.742196e-01 22 22 7 6.257804e-01 22 21 8 -0.000000e+00 
0 -1 7 4 1 22 7 3.742209e-01 0 22 7 3.128889e-01 1 23 7 3.128902e-01 1 22 8 -0.000000e+00 
1 -1 7 4 1 22 7 1.767122e-01 1 23 7 1.959267e-01 2 22 7 6.273611e-01 1 22 8 -0.000000e+00 
2 -1 7 4 2 22 7 3.418359e-01 2 23 7 9.055237e-02 3 22 7 5.676117e-01 2 22 8 -0.000000e+00 
3 -1 7 4 4 22 7 5.043410e-01 4 21 7 3.524129e-03 3 22 7 4.921349e-01 4 22 8 -0.000000e+00 
4 -1 7 4 5 22 7 3.615595e-01 5 21 7 8.655694e-02 4 22 7 5.518836e-01 5 22 8 -0.000000e+00 
5 -1 7 4 6 22 7 2.296027e-01 6 21 7 1.587632e-01 5 22 7 6.116341e-01 6 22 8 -0.000000e+00 
6 -1 7 4 7 22 7 1.082882e-01 7 21 7 2.203309e-01 6 22 7 6.713810e-01 7 22 8 -0.000000e+00 
7 -1 7 4 7 21 7 2.536525e-03 7 22 7 7.285918e-01 8 21 7 2.688717e-01 7 21 8 -0.000000e+00 
8 -1 7 4 8 21 7 1.030046e-01 8 22 7 6.878750e-01 9 21 7 2.091204e-01 8 21 8 -0.000000e+00 
9 -1 7 4 9 21 7 1.932049e-01 9 22 7 6.574234e-01 10 21 7 1.493717e-01 9 21 8 -0.000000e+00 
10 -1 7 4 10 21 7 2.732140e-01 10 22 7 6.371630e-01 11 21 7 8.962302e-02 10 21 8 -0.000000e+00 
11 -1 7 4 11 21 7 3.430823e-01 11 22 7 6.270434e-01 12 21 7 2.987434e-02 11 21 8 -0.000000e+00 
12 -1 7 4 12 21 7 3.430823e-01 11 21 7 2.987434e-02 12 22 7 6.270434e-01 12 21 8 -0.000000e+00 
13 -1 7 4 13 21 7 2.732140e-01 12 21 7 8.962302e-02 13 22 7 6.371630e-01 13 21 8 -0.000000e+00 
14 -1 7 4 14 21 7 1.932049e-01 13 21 7 1.493717e-01 14 22 7 6.574234e-01 14 21 8 -0.000000e+00 
15 -1 7 4 15 21 7 1.030046e-01 14 21 7 2.091204e-01 15 22 7 6.878750e-01 15 21 8 -0.000000e+00 
16 -1 7 4 16 21 7 2.536525e-03 15 21 7 2.688717e-01 16 22 7 7.285918e-01 16 21 8 -0.000000e+00 
17 -1 7 4 17 22 7 4.510488e-01 17 21 7 2.203309e-01 16 22 7 3.286204e-01 17 22 8 -0.000000e+00 
18 -1 7 4 18 22 7 4.528714e-01 18 21 7 1.587632e-01 17 22 7 3.883654e-01 18 22 8 -0.000000e+00 
19 -1 7 4 19 22 7 4.653280e-01 19 21 7 8.655694e-02 18 22 7 4.481151e-01 19 22 8 -0.000000e+00 
20 -1 7 4 20 22 7 4.886121e-01 20 21 7 3.524129e-03 19 22 7 5.078638e-01 20 22 8 -0.000000e+00 
21 -1 7 4 20 22 7 4.770601e-01 20 23 7 9.055237e-02 21 22 7 4.323876e-01 20 22 8 -0.000000e+00 
22 -1 7 4 21 22 7 4.314344e-01 21 23 7 1.959267e-01 22 22 7 3.726389e-01 21 22 8 -0.000000e+00 
23 -1 7 4 22 22 7 3.742196e-01 22 23 7 3.128902e-01 23 22 7 3.128902e-01 22 22 8 -0.000000e+00 
0 -2 12 4 2 22 12 2.647730e-06 2 21 12 3.742196e-01 1 22 12 6.257778e-01 2 22 13 -0.000000e+00 
1 -2 12 4 2 21 12 3.534246e-01 2 22 12 3.918535e-01 3 21 12 2.547219e-01 2 21 13 -0.000000e+00 
2 -2 12 4 3 21 12 6.836717e-01 3 22 12 1.811047e-01 4 21 12 1.352235e-01 3 21 13 -0.000000e+00 
3 -2 12 4 5 21 12 8.681907e-03 5 20 12 7.048258e-03 4 21 12 9.842698e-01 5 21 13 -0.000000e+00 
4 -2 12 4 5 20 12 6.934670e-02 4 20 12 1.037672e-01 5 21 12 8.268861e-01 5 20 13 -0.000000e+00 
5 -2 12 4 6 20 12 9.425816e-02 5 20 12 2.232682e-01 6 21 12 6.824736e-01 6 20 13 -0.000000e+00 
6 -2 12 4 7 20 12 9.789982e-02 6 20 12 3.427619e-01 7 21 12 5.593383e-01 7 20 13 -0.000000e+00 
7 -2 12 4 7 20 12 5.073051e-03 7 21 12 4.571836e-01 8 20 12 5.377434e-01 7 20 13 -0.000000e+00 
8 -2 12 4 8 20 12 2.060093e-01 8 21 12 3.757500e-01 9 20 12 4.182407e-01 8 20 13 -0.000000e+00 
9 -2 12 4 9 20 12 3.864097e-01 9 21 12 3.148469e-01 10 20 12 2.987434e-01 9 20 13 -0.000000e+00 
10 -2 12 4 10 20 12 5.464279e-01 10 21 12 2.743260e-01 11 20 12 1.792460e-01 10 20 13 -0.000000e+00 
11 -2 12 4 11 20 12 6.861646e-01 11 21 12 2.540868e-01 12 20 12 5.974868e-02 11 20 13 -0.000000e+00 
12 -2 12 4 12 20 12 6.861646e-01 11 20 12 5.974868e-02 12 21 12 2.540868e-01 12 20 13 -0.000000e+00 
13 -2 12 4 13 20 12 5.464279e-01 12 20 12 1.792460e-01 13 21 12 2.743260e-01 13 20 13 -0.000000e+00 
14 -2 12 4 14 20 12 3.864097e-01 13 20 12 2.987434e-01 14 21 12 3.148469e-01 14 20 13 -0.000000e+00 
15 -2 12 4 14 20 12 4.249077e-02 14 21 12 3.757500e-01 15 20 12 5.817593e-01 14 20 13 -0.000000e+00 
16 -2 12 4 15 20 12 8.055984e-02 15 21 12 4.571836e-01 16 20 12 4.622566e-01 15 20 13 -0.000000e+00 
17 -2 12 4 16 20 12 9.790247e-02 16 21 12 5.593383e-01 17 20 12 3.427593e-01 16 20 13 -0.000000e+00 
18 -2 12 4 17 20 12 9.425714e-02 17 21 12 6.824736e-01 18 20 12 2.232692e-01 17 20 13 -0.000000e+00 
19 -2 12 4 18 20 12 6.934405e-02 18 21 12 8.268861e-01 19 20 12 1.037698e-01 18 20 13 -0.000000e+00 
20 -2 12 4 19 21 12 9.772242e-01 19 20 12 7.048258e-03 18 21 12 1.572752e-02 19 21 13 -0.000000e+00 
21 -2 12 4 20 21 12 6.836704e-01 19 21 12 1.352249e-01 20 22 12 1.811047e-01 20 21 13 -0.000000e+00 
22 -2 12 4 21 21 12 3.534243e-01 20 21 12 2.547222e-01 21 22 12 3.918535e-01 21 21 13 -0.000000e+00 
23 -2 12 4 22 21 12 -0.000000e+00 21 21 12 3.742196e-01 22 22 12 6.257804e-01 22 21 13 -0.000000e+00 
0 -1 12 4 1 22 12 3.742209e-01 0 22 12 3.128889e-01 1 23 12 3.128902e-01 1 22 13 -0.000000e+00 
1 -1 12 4 1 22 12 1.767122e-01 1 23 12 1.959267e-01 2 22 12 6.273611e-01 1 22 13 -0.000000e+00 
2 -1 12 4 2 22 12 3.418359e-01 2 23 12 9.055237e-02 3 22 12 5.676117e-01 2 22 13 -0.000000e+00 
3 -1 12 4 4 22 12 5.043410e-01 4 21 12 3.524129e-03 3 22 12 4.921349e-01 4 22 13 -0.000000e+00 
4 -1 12 4 5 22 12 3.615595e-01 5 21 12 8.655694e-02 4 22 12 5.518836e-01 5 22 13 -0.000000e+00 
5 -1 12 4 6 22 12 2.296027e-01 6 21 12 1.587632e-01 5 22 12 6.116341e-01 6 22 13 -0.000000e+00 
6 -1 12 4 7 22 12 1.082882e-01 7 21 12 2.203309e-01 6 22 12 6.713810e-01 7 22 13 -0.000000e+00 
7 -1 12 4 7 21 12 2.536525e-03 7 22 12 7.285918e-01 8 21 12 2.688717e-01 7 21 13 -0.000000e+00 
8 -1 12 4 8 21 12 1.030046e-01 8 22 12 6.878750e-01 9 21 12 2.091204e-01 8 21 13 -0.000000e+00 
9 -1 12 4 9 21 12 1.932049e-01 9 22 12 6.574234e-01 10 21 12 1.493717e-01 9 21 13 -0.000000e+00 
10 -1 12 4 10 21 12 2.732140e-01 10 22 12 6.371630e-01 11 21 12 8.962302e-02 10 21 13 -0.000000e+00 
11 -1 12 4 11 21 12 3.430823e-01 11 22 12 6.270434e-01 12 21 12 2.987434e-02 11 21 13 -0.000000e+00 
12 -1 12 4 12 21 12 3.430823e-01 11 21 12 2.987434e-02 12 22 12 6.270434e-01 12 21 13 -0.000000e+00 
13 -1 12 4 13 21 12 2.732140e-01 12 21 12 8.962302e-02 13 22 12 6.371630e-01 13 21 13 -0.000000e+00 
14 -1 12 4 14 21 12 1.932049e-01 13 21 12 1.493717e-01 14 22 12 6.574234e-01 14 21 13 -0.000000e+00 
15 -1 12 4 15 21 12 1.030046e-01 14 21 12 2.091204e-01 15 22 12 6.878750e-01 15 21 13 -0.000000e+00 
16 -1 12 4 16 21 12 2.536525e-03 15 21 12 2.688717e-01 16 22 12 7.285918e-01 16 21 13 -0.000000e+00 
17 -1 12 4 17 22 12 4.510488e-01 17 21 12 2.203309e-01 16 22 12 3.286204e-01 17 22 13 -0.000000e+00 
18 -1 12 4 18 22 12 4.528714e-01 18 21 12 1.587632e-01 17 22 12 3.883654e-01 18 22 13 -0.000000e+00 
19 -1 12 4 19 22 12 4.653280e-01 19 21 12 8.655694e-02 18 22 12 4.481151e-01 19 22 13 -0.000000e+00 
20 -1 12 4 20 22 12 4.886121e-01 20 21 12 3.524129e-03 19 22 12 5.078638e-01 20 22 13 -0.000000e+00 
21 -1 12 4 20 22 12 4.770601e-01 20 23 12 9.055237e-02 21 22 12 4.323876e-01 20 22 13 -0.000000e+00 
22 -1 12 4 21 22 12 4.314344e-01 21 23 12 1.959267e-01 22 22 12 3.726389e-01 21 22 13 -0.000000e+00 
23 -1 12 4 22 22 12 3.742196e-01 22 23 12 3.128902e-01 23 22 12 3.128902e-01 22 22 13 -0.000000e+00 
0 -2 8 4 2 22 8 2.647730e-06 2 21 8 3.742196e-01 1 22 8 6.257778e-01 2 22 9 -0.000000e+00 
1 -2 8 4 2 21 8 3.534246e-01 2 22 8 3.918535e-01 3 21 8 2.547219e-01 2 21 9 -0.000000e+00 
2 -2 8 4 3 21 8 6.836717e-01 3 22 8 1.811047e-01 4 21 8 1.352235e-01 3 21 9 -0.000000e+00 
3 -2 8 4 5 21 8 8.681907e-03 5 20 8 7.048258e-03 4 21 8 9.842698e-01 5 21 9 -0.000000e+00 
4 -2 8 4 5 20 8 6.934670e-02 4 20 8 1.037672e-01 5 21 8 8.268861e-01 5 20 9 -0.000000e+00 
5 -2 8 4 6 20 8 9.425816e-02 5 20 8 2.232682e-01 6 21 8 6.824736e-01 6 20 9 -0.000000e+00 
6 -2 8 4 7 20 8 9.789982e-02 6 20 8 3.427619e-01 7 21 8 5.593383e-01 7 20 9 -0.000000e+00 
7 -2 8 4 7 20 8 5.073051e-03 7 21 8 4.571836e-01 8 20 8 5.377434e-01 7 20 9 -0.000000e+00 
8 -2 8 4 8 20 8 2.060093e-01 8 21 8 3.757500e-01 9 20 8 4.182407e-01 8 20 9 -0.000000e+00 
9 -2 8 4 9 20 8 3.864097e-01 9 21 8 3.148469e-01 10 20 8 2.987434e-01 9 20 9 -0.000000e+00 
10 -2 8 4 10 20 8 5.464279e-01 10 21 8 2.743260e-01 11 20 8 1.792460e-01 10 20 9 -0.000000e+00 
11 -2 8 4 11 20 8 6.861646e-01 11 21 8 2.540868e-01 12 20 8 5.974868e-02 11 20 9 -0.000000e+00 
12 -2 8 4 12 20 8 6.861646e-01 11 20 8 5.974868e-02 12 21 8 2.540868e-01 12 20 9 -0.000000e+00 
13 -2 8 4 13 20 8 5.464279e-01 12 20 8 1.792460e-01 13 21 8 2.743260e-01 13 20 9 -0.000000e+00 
14 -2 8 4 14 20 8 3.864097e-01 13 20 8 2.987434e-01 14 21 8 3.148469e-01 14 20 9 -0.000000e+00 
15 -2 8 4 14 20 8 4.249077e-02 14 21 8 3.757500e-01 15 20 8 5.817593e-01 14 20 9 -0.000000e+00 
16 -2 8 4 15 20 8 8.055984e-02 15 21 8 4.571836e-01 16 20 8 4.622566e-01 15 20 9 -0.000000e+00 
17 -2 8 4 16 20 8 9.790247e-02 16 21 8 5.593383e-01 17 20 8 3.427593e-01 16 20 9 -0.000000e+00 
18 -2 8 4 17 20 8 9.425714e-02 17 21 8 6.824736e-01 18 20 8 2.232692e-01 17 20 9 -0.000000e+00 
19 -2 8 4 18 20 8 6.934405e-02 18 21 8 8.268861e-01 19 20 8 1.037698e-01 18 20 9 -0.000000e+00 
20 -2 8 4 19 21 8 9.772242e-01 19 20 8 7.048258e-03 18 21 8 1.572752e-02 19 21 9 -0.000000e+00 
21 -2 8 4 20 21 8 6.836704e-01 19 21 8 1.352249e-01 20 22 8 1.811047e-01 20 21 9 -0.000000e+00 
22 -2 8 4 21 21 8 3.534243e-01 20 21 8 2.547222e-01 21 22 8 3.918535e-01 21 21 9 -0.000000e+00 
23 -2 8 4 22 21 8 -0.000000e+00 21 21 8 3.742196e-01 22 22 8 6.257804e-01 22 21 9 -0.000000e+00 
0 -1 8 4 1 22 8 3.742209e-01 0 22 8 3.128889e-01 1 23 8 3.128902e-01 1 22 9 -0.000000e+00 
1 -1 8 4 1 22 8 1.767122e-01 1 23 8 1.959267e-01 2 22 8 6.273611e-01 1 22 9 -0.000000e+00 
2 -1 8 4 2 22 8 3.418359e-01 2 23 8 9.055237e-02 3 22 8 5.676117e-01 2 22 9 -0.000000e+00 
3 -1 8 4 4 22 8 5.043410e-01 4 21 8 3.524129e-03 3 22 8 4.921349e-01 4 22 9 -0.000000e+00 
4 -1 8 4 5 22 8 3.615595e-01 5 21 8 8.655694e-02 4 22 8 5.518836e-01 5 22 9 -0.000000e+00 
5 -1 8 4 6 22 8 2.296027e-01 6 21 8 1.587632e-01 5 22 8 6.116341e-01 6 22 9 -0.000000e+00 
6 -1 8 4 7 22 8 1.082882e-01 7 21 8 2.203309e-01 6 22 8 6.713810e-01 7 22 9 -0.000000e+00 
7 -1 8 4 7 21 8 2.536525e-03 7 22 8 7.285918e-01 8 21 8 2.688717e-01 7 21 9 -0.000000e+00 
8 -1 8 4 8 21 8 1.030046e-01 8 22 8 6.878750e-01 9 21 8 2.091204e-01 8 21 9 -0.000000e+00 
9 -1 8 4 9 21 8 1.932049e-01 9 22 8 6.574234e-01 10 21 8 1.493717e-01 9 21 9 -0.000000e+00 
10 -1 8 4 10 21 8 2.732140e-01 10 22 8 6.371630e-01 11 21 8 8.962302e-02 10 21 9 -0.000000e+00 
11 -1 8 4 11 21 8 3.430823e-01 11 22 8 6.270434e-01 12 21 8 2.987434e-02 11 21 9 -0.000000e+00 
12 -1 8 4 12 21 8 3.430823e-01 11 21 8 2.987434e-02 12 22 8 6.270434e-01 12 21 9 -0.000000e+00 
13 -1 8 4 13 21 8 2.732140e-01 12 21 8 8.962302e-02 13 22 8 6.371630e-01 13 21 9 -0.000000e+00 
14 -1 8 4 14 21 8 1.932049e-01 13 21 8 1.493717e-01 14 22 8 6.574234e-01 14 21 9 -0.000000e+00 
15 -1 8 4 15 21 8 1.030046e-01 14 21 8 2.091204e-01 15 22 8 6.878750e-01 15 21 9 -0.000000e+00 
16 -1 8 4 16 21 8 2.536525e-03 15 21 8 2.688717e-01 16 22 8 7.285918e-01 16 21 9 -0.000000e+00 
17 -1 8 4 17 22 8 4.510488e-01 17 21 8 2.203309e-01 16 22 8 3.286204e-01 17 22 9 -0.000000e+00 
18 -1 8 4 18 22 8 4.528714e-01 18 21 8 1.587632e-01 17 22 8 3.883654e-01 18 22 9 -0.000000e+00 
19 -1 8 4 19 22 8 4.653280e-01 19 21 8 8.655694e-02 18 22 8 4.481151e-01 19 22 9 -0.000000e+00 
20 -1 8 4 20 22 8 4.886121e-01 20 21 8 3.524129e-03 19 22 8 5.078638e-01 20 22 9 -0.000000e+00 
21 -1 8 4 20 22 8 4.770601e-01 20 23 8 9.055237e-02 21 22 8 4.323876e-01 20 22 9 -0.000000e+00 
22 -1 8 4 21 22 8 4.314344e-01 21 23 8 1.959267e-01 22 22 8 3.726389e-01 21 22 9 -0.000000e+00 
23 -1 8 4 22 22 8 3.742196e-01 22 23 8 3.128902e-01 23 22 8 3.128902e-01 22 22 9 -0.000000e+00 
0 -2 11 4 2 22 11 2.647730e-06 2 21 11 3.742196e-01 1 22 11 6.257778e-01 2 22 12 -0.000000e+00 
1 -2 11 4 2 21 11 3.534246e-01 2 22 11 3.918535e-01 3 21 11 2.547219e-01 2 21 12 -0.000000e+00 
2 -2 11 4 3 21 11 6.836717e-01 3 22 11 1.811047e-01 4 21 11 1.352235e-01 3 21 12 -0.000000e+00 
3 -2 11 4 5 21 11 8.681907e-03 5 20 11 7.048258e-03 4 21 11 9.842698e-01 5 21 12 -0.000000e+00 
4 -2 11 4 5 20 11 6.934670e-02 4 20 11 1.037672e-01 5 21 11 8.268861e-01 5 20 12 -0.000000e+00 
5 -2 11 4 6 20 11 9.425816e-02 5 20 11 2.232682e-01 6 21 11 6.824736e-01 6 20 12 -0.000000e+00 
6 -2 11 4 7 20 11 9.789982e-02 6 20 11 3.427619e-01 7 21 11 5.593383e-01 7 20 12 -0.000000e+00 
7 -2 11 4 7 20 11 5.073051e-03 7 21 11 4.571836e-01 8 20 11 5.377434e-01 7 20 12 -0.000000e+00 
8 -2 11 4 8 20 11 2.060093e-01 8 21 11 3.757500e-01 9 20 11 4.182407e-01 8 20 12 -0.000000e+00 
9 -2 11 4 9 20 11 3.864097e-01 9 21 11 3.148469e-01 10 20 11 2.987434e-01 9 20 12 -0.000000e+00 
10 -2 11 4 10 20 11 5.464279e-01 10 21 11 2.743260e-01 11 20 11 1.792460e-01 10 20 12 -0.000000e+00 
11 -2 11 4 11 20 11 6.861646e-01 11 21 11 2.540868e-01 12 20 11 5.974868e-02 11 20 12 -0.000000e+00 
12 -2 11 4 12 20 11 6.861646e-01 11 20 11 5.974868e-02 12 21 11 2.540868e-01 12 20 12 -0.000000e+00 
13 -2 11 4 13 20 11 5.464279e-01 12 20 11 1.792460e-01 13 21 11 2.743260e-01 13 20 12 -0.000000e+00 
14 -2 11 4 14 20 11 3.864097e-01 13 20 11 2.987434e-01 14 21 11 3.148469e-01 14 20 12 -0.000000e+00 
15 -2 11 4 14 20 11 4.249077e-02 14 21 11 3.757500e-01 15 20 11 5.817593e-01 14 20 12 -0.000000e+00 
16 -2 11 4 15 20 11 8.055984e-02 15 21 11 4.571836e-01 16 20 11 4.622566e-01 15 20 12 -0.000000e+00 
17 -2 11 4 16 20 11 9.790247e-02 16 21 11 5.593383e-01 17 20 11 3.427593e-01 16 20 12 -0.000000e+00 
18 -2 11 4 17 20 11 9.425714e-02 17 21 11 6.824736e-01 18 20 11 2.232692e-01 17 20 12 -0.000000e+00 
19 -2 11 4 18 20 11 6.934405e-02 18 21 11 8.268861e-01 19 20 11 1.037698e-01 18 20 12 -0.000000e+00 
20 -2 11 4 19 21 11 9.772242e-01 19 20 11 7.048258e-03 18 21 11 1.572752e-02 19 21 12 -0.000000e+00 
21 -2 11 4 20 21 11 6.836704e-01 19 21 11 1.352249e-01 20 22 11 1.811047e-01 20 21 12 -0.000000e+00 
22 -2 11 4 21 21 11 3.534243e-01 20 21 11 2.547222e-01 21 22 11 3.918535e-01 21 21 12 -0.000000e+00 
23 -2 11 4 22 21 11 -0.000000e+00 21 21 11 3.742196e-01 22 22 11 6.257804e-01 22 21 12 -0.000000e+00 
0 -1 11 4 1 22 11 3.742209e-01 0 22 11 3.128889e-01 1 23 11 3.128902e-01 1 22 12 -0.000000e+00 
1 -1 11 4 1 22 11 1.767122e-01 1 23 11 1.959267e-01 2 22 11 6.273611e-01 1 22 12 -0.000000e+00 
2 -1 11 4 2 22 11 3.418359e-01 2 23 11 9.055237e-02 3 22 11 5.676117e-01 2 22 12 -0.000000e+00 
3 -1 11 4 4 22 11 5.043410e-01 4 21 11 3.524129e-03 3 22 11 4.921349e-01 4 22 12 -0.000000e+00 
4 -1 11 4 5 22 11 3.615595e-01 5 21 11 8.655694e-02 4 22 11 5.518836e-01 5 22 12 -0.000000e+00 
5 -1 11 4 6 22 11 2.296027e-01 6 21 11 1.587632e-01 5 22 11 6.116341e-01 6 22 12 -0.000000e+00 
6 -1 11 4 7 22 11 1.082882e-01 7 21 11 2.203309e-01 6 22 11 6.713810e-01 7 22 12 -0.000000e+00 
7 -1 11 4 7 21 11 2.536525e-03 7 22 11 7.285918e-01 8 21 11 2.688717e-01 7 21 12 -0.000000e+00 
8 -1 11 4 8 21 11 1.030046e-01 8 22 11 6.878750e-01 9 21 11 2.091204e-01 8 21 12 -0.000000e+00 
9 -1 11 4 9 21 11 1.932049e-01 9 22 11 6.574234e-01 10 21 11 1.493717e-01 9 21 12 -0.000000e+00 
10 -1 11 4 10 21 11 2.732140e-01 10 22 11 6.371630e-01 11 21 11 8.962302e-02 10 21 12 -0.000000e+00 
11 -1 11 4 11 21 11 3.430823e-01 11 22 11 6.270434e-01 12 21 11 2.987434e-02 11 21 12 -0.000000e+00 
12 -1 11 4 12 21 11 3.430823e-01 11 21 11 2.987434e-02 12 22 11 6.270434e-01 12 21 12 -0.000000e+00 
13 -1 11 4 13 21 11 2.732140e-01 12 21 11 8.962302e-02 13 22 11 6.371630e-01 13 21 12 -0.000000e+00 
14 -1 11 4 14 21 11 1.932049e-01 13 21 11 1.493717e-01 14 22 11 6.574234e-01 14 21 12 -0.000000e+00 
15 -1 11 4 15 21 11 1.030046e-01 14 21 11 2.091204e-01 15 22 11 6.878750e-01 15 21 12 -0.000000e+00 
16 -1 11 4 16 21 11 2.536525e-03 15 21 11 2.688717e-01 16 22 11 7.285918e-01 16 21 12 -0.000000e+00 
17 -1 11 4 17 22 11 4.510488e-01 17 21 11 2.203309e-01 16 22 11 3.286204e-01 17 22 12 -0.000000e+00 
18 -1 11 4 18 22 11 4.528714e-01 18 21 11 1.587632e-01 17 22 11 3.883654e-01 18 22 12 -0.000000e+00 
19 -1 11 4 19 22 11 4.653280e-01 19 21 11 8.655694e-02 18 22 11 4.481151e-01 19 22 12 -0.000000e+00 
20 -1 11 4 20 22 11 4.886121e-01 20 21 11 3.524129e-03 19 22 11 5.078638e-01 20 22 12 -0.000000e+00 
21 -1 11 4 20 22 11 4.770601e-01 20 23 11 9.055237e-02 21 22 11 4.323876e-01 20 22 12 -0.000000e+00 
22 -1 11 4 21 22 11 4.314344e-01 21 23 11 1.959267e-01 22 22 11 3.726389e-01 21 22 12 -0.000000e+00 
23 -1 11 4 22 22 11 3.742196e-01 22 23 11 3.128902e-01 23 22 11 3.128902e-01 22 22 12 -0.000000e+00 
0 -2 13 4 2 22 13 2.647730e-06 2 21 13 3.742196e-01 1 22 13 6.257778e-01 2 22 14 -0.000000e+00 
1 -2 13 4 2 21 13 3.534246e-01 2 22 13 3.918535e-01 3 21 13 2.547219e-01 2 21 14 -0.000000e+00 
2 -2 13 4 3 21 13 6.836717e-01 3 22 13 1.811047e-01 4 21 13 1.352235e-01 3 21 14 -0.000000e+00 
3 -2 13 4 5 21 13 8.681907e-03 5 20 13 7.048258e-03 4 21 13 9.842698e-01 5 21 14 -0.000000e+00 
4 -2 13 4 5 20 13 6.934670e-02 4 20 13 1.037672e-01 5 21 13 8.268861e-01 5 20 14 -0.000000e+00 
5 -2 13 4 6 20 13 9.425816e-02 5 20 13 2.232682e-01 6 21 13 6.824736e-01 6 20 14 -0.000000e+00 
6 -2 13 4 7 20 13 9.789982e-02 6 20 13 3.427619e-01 7 21 13 5.593383e-01 7 20 14 -0.000000e+00 
7 -2 13 4 7 20 13 5.073051e-03 7 21 13 4.571836e-01 8 20 13 5.377434e-01 7 20 14 -0.000000e+00 
8 -2 13 4 8 20 13 2.060093e-01 8 21 13 3.757500e-01 9 20 13 4.182407e-01 8 20 14 -0.000000e+00 
9 -2 13 4 9 20 13 3.864097e-01 9 21 13 3.148469e-01 10 20 13 2.987434e-01 9 20 14 -0.000000e+00 
10 -2 13 4 10 20 13 5.464279e-01 10 21 13 2.743260e-01 11 20 13 1.792460e-01 10 20 14 -0.000000e+00 
11 -2 13 4 11 20 13 6.861646e-01 11 21 13 2.540868e-01 12 20 13 5.974868e-02 11 20 14 -0.000000e+00 
12 -2 13 4 12 20 13 6.861646e-01 11 20 13 5.974868e-02 12 21 13 2.540868e-01 12 20 14 -0.000000e+00 
13 -2 13 4 13 20 13 5.464279e-01 12 20 13 1.792460e-01 13 21 13 2.743260e-01 13 20 14 -0.000000e+00 
14 -2 13 4 14 20 13 3.864097e-01 13 20 13 2.987434e-01 14 21 13 3.148469e-01 14 20 14 -0.000000e+00 
15 -2 13 4 14 20 13 4.249077e-02 14 21 13 3.757500e-01 15 20 13 5.817593e-01 14 20 14 -0.000000e+00 
16 -2 13 4 15 20 13 8.055984e-02 15 21 13 4.571836e-01 16 20 13 4.622566e-01 15 20 14 -0.000000e+00 
17 -2 13 4 16 20 13 9.790247e-02 16 21 13 5.593383e-01 17 20 13 3.427593e-01 16 20 14 -0.000000e+00 
18 -2 13 4 17 20 13 9.425714e-02 17 21 13 6.824736e-01 18 20 13 2.232692e-01 17 20 14 -0.000000e+00 
19 -2 13 4 18 20 13 6.934405e-02 18 21 13 8.268861e-01 19 20 13 1.037698e-01 18 20 14 -0.000000e+00 
20 -2 13 4 19 21 13 9.772242e-01 19 20 13 7.048258e-03 18 21 13 1.572752e-02 19 21 14 -0.000000e+00 
21 -2 13 4 20 21 13 6.836704e-01 19 21 13 1.352249e-01 20 22 13 1.811047e-01 20 21 14 -0.000000e+00 
22 -2 13 4 21 21 13 3.534243e-01 20 21 13 2.547222e-01 21 22 13 3.918535e-01 21 21 14 -0.000000e+00 
23 -2 13 4 22 21 13 -0.000000e+00 21 21 13 3.742196e-01 22 22 13 6.257804e-01 22 21 14 -0.000000e+00 
0 -1 13 4 1 22 13 3.742209e-01 0 22 13 3.128889e-01 1 23 13 3.128902e-01 1 22 14 -0.000000e+00 
1 -1 13 4 1 22 13 1.767122e-01 1 23 13 1.959267e-01 2 22 13 6.273611e-01 1 22 14 -0.000000e+00 
2 -1 13 4 2 22 13 3.418359e-01 2 23 13 9.055237e-02 3 22 13 5.676117e-01 2 22 14 -0.000000e+00 
3 -1 13 4 4 22 13 5.043410e-01 4 21 13 3.524129e-03 3 22 13 4.921349e-01 4 22 14 -0.000000e+00 
4 -1 13 4 5 22 13 3.615595e-01 5 21 13 8.655694e-02 4 22 13 5.518836e-01 5 22 14 -0.000000e+00 
5 -1 13 4 6 22 13 2.296027e-01 6 21 13 1.587632e-01 5 22 13 6.116341e-01 6 22 14 -0.000000e+00 
6 -1 13 4 7 22 13 1.082882e-01 7 21 13 2.203309e-01 6 22 13 6.713810e-01 7 22 14 -0.000000e+00 
7 -1 13 4 7 21 13 2.536525e-03 7 22 13 7.285918e-01 8 21 13 2.688717e-01 7 21 14 -0.000000e+00 
8 -1 13 4 8 21 13 1.030046e-01 8 22 13 6.878750e-01 9 21 13 2.091204e-01 8 21 14 -0.000000e+00 
9 -1 13 4 9 21 13 1.932049e-01 9 22 13 6.574234e-01 10 21 13 1.493717e-01 9 21 14 -0.000000e+00 
10 -1 13 4 10 21 13 2.732140e-01 10 22 13 6.371630e-01 11 21 13 8.962302e-02 10 21 14 -0.000000e+00 
11 -1 13 4 11 21 13 3.430823e-01 11 22 13 6.270434e-01 12 21 13 2.987434e-02 11 21 14 -0.000000e+00 
12 -1 13 4 12 21 13 3.430823e-01 11 21 13 2.987434e-02 12 22 13 6.270434e-01 12 21 14 -0.000000e+00 
13 -1 13 4 13 21 13 2.732140e-01 12 21 13 8.962302e-02 13 22 13 6.371630e-01 13 21 14 -0.000000e+00 
14 -1 13 4 14 21 13 1.932049e-01 13 21 13 1.493717e-01 14 22 13 6.574234e-01 14 21 14 -0.000000e+00 
15 -1 13 4 15 21 13 1.030046e-01 14 21 13 2.091204e-01 15 22 13 6.878750e-01 15 21 14 -0.000000e+00 
16 -1 13 4 16 21 13 2.536525e-03 15 21 13 2.688717e-01 16 22 13 7.285918e-01 16 21 14 -0.000000e+00 
17 -1 13 4 17 22 13 4.510488e-01 17 21 13 2.203309e-01 16 22 13 3.286204e-01 17 22 14 -0.000000e+00 
18 -1 13 4 18 22 13 4.528714e-01 18 21 13 1.587632e-01 17 22 13 3.883654e-01 18 22 14 -0.000000e+00 
19 -1 13 4 19 22 13 4.653280e-01 19 21 13 8.655694e-02 18 22 13 4.481151e-01 19 22 14 -0.000000e+00 
20 -1 13 4 20 22 13 4.886121e-01 20 21 13 3.524129e-03 19 22 13 5.078638e-01 20 22 14 -0.000000e+00 
21 -1 13 4 20 22 13 4.770601e-01 20 23 13 9.055237e-02 21 22 13 4.323876e-01 20 22 14 -0.000000e+00 
22 -1 13 4 21 22 13 4.314344e-01 21 23 13 1.959267e-01 22 22 13 3.726389e-01 21 22 14 -0.000000e+00 
23 -1 13 4 22 22 13 3.742196e-01 22 23 13 3.128902e-01 23 22 13 3.128902e-01 22 22 14 -0.000000e+00 
0 -2 10 4 2 22 10 2.647730e-06 2 21 10 3.742196e-01 1 22 10 6.257778e-01 2 22 11 -0.000000e+00 
1 -2 10 4 2 21 10 3.534246e-01 2 22 10 3.918535e-01 3 21 10 2.547219e-01 2 21 11 -0.000000e+00 
2 -2 10 4 3 21 10 6.836717e-01 3 22 10 1.811047e-01 4 21 10 1.352235e-01 3 21 11 -0.000000e+00 
3 -2 10 4 5 21 10 8.681907e-03 5 20 10 7.048258e-03 4 21 10 9.842698e-01 5 21 11 -0.000000e+00 
4 -2 10 4 5 20 10 6.934670e-02 4 20 10 1.037672e-01 5 21 10 8.268861e-01 5 20 11 -0.000000e+00 
5 -2 10 4 6 20 10 9.425816e-02 5 20 10 2.232682e-01 6 21 10 6.824736e-01 6 20 11 -0.000000e+00 
6 -2 10 4 7 20 10 9.789982e-02 6 20 10 3.427619e-01 7 21 10 5.593383e-01 7 20 11 -0.000000e+00 
7 -2 10 4 7 20 10 5.073051e-03 7 21 10 4.571836e-01 8 20 10 5.377434e-01 7 20 11 -0.000000e+00 
8 -2 10 4 8 20 10 2.060093e-01 8 21 10 3.757500e-01 9 20 10 4.182407e-01 8 20 11 -0.000000e+00 
9 -2 10 4 9 20 10 3.864097e-01 9 21 10 3.148469e-01 10 20 10 2.987434e-01 9 20 11 -0.000000e+00 
10 -2 10 4 10 20 10 5.464279e-01 10 21 10 2.743260e-01 11 20 10 1.792460e-01 10 20 11 -0.000000e+00 
11 -2 10 4 11 20 10 6.861646e-01 11 21 10 2.540868e-01 12 20 10 5.974868e-02 11 20 11 -0.000000e+00 
12 -2 10 4 12 20 10 6.861646e-01 11 20 10 5.974868e-02 12 21 10 2.540868e-01 12 20 11 -0.000000e+00 
13 -2 10 4 13 20 10 5.464279e-01 12 20 10 1.792460e-01 13 21 10 2.743260e-01 13 20 11 -0.000000e+00 
14 -2 10 4 14 20 10 3.864097e-01 13 20 10 2.987434e-01 14 21 10 3.148469e-01 14 20 11 -0.000000e+00 
15 -2 10 4 14 20 10 4.249077e-02 14 21 10 3.757500e-01 15 20 10 5.817593e-01 14 20 11 -0.000000e+00 
16 -2 10 4 15 20 10 8.055984e-02 15 21 10 4.571836e-01 16 20 10 4.622566e-01 15 20 11 -0.000000e+00 
17 -2 10 4 16 20 10 9.790247e-02 16 21 10 5.593383e-01 17 20 10 3.427593e-01 16 20 11 -0.000000e+00 
18 -2 10 4 17 20 10 9.425714e-02 17 21 10 6.824736e-01 18 20 10 2.232692e-01 17 20 11 -0.000000e+00 
19 -2 10 4 18 20 10 6.934405e-02 18 21 10 8.268861e-01 19 20 10 1.037698e-01 18 20 11 -0.000000e+00 
20 -2 10 4 19 21 10 9.772242e-01 19 20 10 7.048258e-03 18 21 10 1.572752e-02 19 21 11 -0.000000e+00 
21 -2 10 4 20 21 10 6.836704e-01 19 21 10 1.352249e-01 20 22 10 1.811047e-01 20 21 11 -0.000000e+00 
22 -2 10 4 21 21 10 3.534243e-01 20 21 10 2.547222e-01 21 22 10 3.918535e-01 21 21 11 -0.000000e+00 
23 -2 10 4 22 21 10 -0.000000e+00 21 21 10 3.742196e-01 22 22 10 6.257804e-01 22 21 11 -0.000000e+00 
0 -1 10 4 1 22 10 3.742209e-01 0 22 10 3.128889e-01 1 23 10 3.128902e-01 1 22 11 -0.000000e+00 
1 -1 10 4 1 22 10 1.767122e-01 1 23 10 1.959267e-01 2 22 10 6.273611e-01 1 22 11 -0.000000e+00 
2 -1 10 4 2 22 10 3.418359e-01 2 23 10 9.055237e-02 3 22 10 5.676117e-01 2 22 11 -0.000000e+00 
3 -1 10 4 4 22 10 5.043410e-01 4 21 10 3.524129e-03 3 22 10 4.921349e-01 4 22 11 -0.000000e+00 
4 -1 10 4 5 22 10 3.615595e-01 5 21 10 8.655694e-02 4 22 10 5.518836e-01 5 22 11 -0.000000e+00 
5 -1 10 4 6 22 10 2.296027e-01 6 21 10 1.587632e-01 5 22 10 6.116341e-01 6 22 11 -0.000000e+00 
6 -1 10 4 7 22 10 1.082882e-01 7 21 10 2.203309e-01 6 22 10 6.713810e-01 7 22 11 -0.000000e+00 
7 -1 10 4 7 21 10 2.536525e-03 7 22 10 7.285918e-01 8 21 10 2.688717e-01 7 21 11 -0.000000e+00 
8 -1 10 4 8 21 10 1.030046e-01 8 22 10 6.878750e-01 9 21 10 2.091204e-01 8 21 11 -0.000000e+00 
9 -1 10 4 9 21 10 1.932049e-01 9 22 10 6.574234e-01 10 21 10 1.493717e-01 9 21 11 -0.000000e+00 
10 -1 10 4 10 21 10 2.732140e-01 10 22 10 6.371630e-01 11 21 10 8.962302e-02 10 21 11 -0.000000e+00 
11 -1 10 4 11 21 10 3.430823e-01 11 22 10 6.270434e-01 12 21 10 2.987434e-02 11 21 11 -0.000000e+00 
12 -1 10 4 12 21 10 3.430823e-01 11 21 10 2.987434e-02 12 22 10 6.270434e-01 12 21 11 -0.000000e+00 
13 -1 10 4 13 21 10 2.732140e-01 12 21 10 8.962302e-02 13 22 10 6.371630e-01 13 21 11 -0.000000e+00 
14 -1 10 4 14 21 10 1.932049e-01 13 21 10 1.493717e-01 14 22 10 6.574234e-01 14 21 11 -0.000000e+00 
15 -1 10 4 15 21 10 1.030046e-01 14 21 10 2.091204e-01 15 22 10 6.878750e-01 15 21 11 -0.000000e+00 
16 -1 10 4 16 21 10 2.536525e-03 15 21 10 2.688717e-01 16 22 10 7.285918e-01 16 21 11 -0.000000e+00 
17 -1 10 4 17 22 10 4.510488e-01 17 21 10 2.203309e-01 16 22 10 3.286204e-01 17 22 11 -0.000000e+00 
18 -1 10 4 18 22 10 4.528714e-01 18 21 10 1.587632e-01 17 22 10 3.883654e-01 18 22 11 -0.000000e+00 
19 -1 10 4 19 22 10 4.653280e-01 19 21 10 8.655694e-02 18 22 10 4.481151e-01 19 22 11 -0.000000e+00 
20 -1 10 4 20 22 10 4.886121e-01 20 21 10 3.524129e-03 19 22 10 5.078638e-01 20 22 11 -0.000000e+00 
21 -1 10 4 20 22 10 4.770601e-01 20 23 10 9.055237e-02 21 22 10 4.323876e-01 20 22 11 -0.000000e+00 
22 -1 10 4 21 22 10 4.314344e-01 21 23 10 1.959267e-01 22 22 10 3.726389e-01 21 22 11 -0.000000e+00 
23 -1 10 4 22 22 10 3.742196e-01 22 23 10 3.128902e-01 23 22 10 3.128902e-01 22 22 11 -0.000000e+00 
0 -2 6 4 2 22 6 2.647730e-06 2 21 6 3.742196e-01 1 22 6 6.257778e-01 2 22 7 -0.000000e+00 
1 -2 6 4 2 21 6 3.534246e-01 2 22 6 3.918535e-01 3 21 6 2.547219e-01 2 21 7 -0.000000e+00 
2 -2 6 4 3 21 6 6.836717e-01 3 22 6 1.811047e-01 4 21 6 1.352235e-01 3 21 7 -0.000000e+00 
3 -2 6 4 5 21 6 8.681907e-03 5 20 6 7.048258e-03 4 21 6 9.842698e-01 5 21 7 -0.000000e+00 
4 -2 6 4 5 20 6 6.934670e-02 4 20 6 1.037672e-01 5 21 6 8.268861e-01 5 20 7 -0.000000e+00 
5 -2 6 4 6 20 6 9.425816e-02 5 20 6 2.232682e-01 6 21 6 6.824736e-01 6 20 7 -0.000000e+00 
6 -2 6 4 7 20 6 9.789982e-02 6 20 6 3.427619e-01 7 21 6 5.593383e-01 7 20 7 -0.000000e+00 
7 -2 6 4 7 20 6 5.073051e-03 7 21 6 4.571836e-01 8 20 6 5.377434e-01 7 20 7 -0.000000e+00 
8 -2 6 4 8 20 6 2.060093e-01 8 21 6 3.757500e-01 9 20 6 4.182407e-01 8 20 7 -0.000000e+00 
9 -2 6 4 9 20 6 3.864097e-01 9 21 6 3.148469e-01 10 20 6 2.987434e-01 9 20 7 -0.000000e+00 
10 -2 6 4 10 20 6 5.464279e-01 10 21 6 2.743260e-01 11 20 6 1.792460e-01 10 20 7 -0.000000e+00 
11 -2 6 4 11 20 6 6.861646e-01 11 21 6 2.540868e-01 12 20 6 5.974868e-02 11 20 7 -0.000000e+00 
12 -2 6 4 12 20 6 6.861646e-01 11 20 6 5.974868e-02 12 21 6 2.540868e-01 12 20 7 -0.000000e+00 
13 -2 6 4 13 20 6 5.464279e-01 12 20 6 1.792460e-01 13 21 6 2.743260e-01 13 20 7 -0.000000e+00 
14 -2 6 4 14 20 6 3.864097e-01 13 20 6 2.987434e-01 14 21 6 3.148469e-01 14 20 7 -0.000000e+00 
15 -2 6 4 14 20 6 4.249077e-02 14 21 6 3.757500e-01 15 20 6 5.817593e-01 14 20 7 -0.000000e+00 
16 -2 6 4 15 20 6 8.055984e-02 15 21 6 4.571836e-01 16 20 6 4.622566e-01 15 20 7 -0.000000e+00 
17 -2 6 4 16 20 6 9.790247e-02 16 21 6 5.593383e-01 17 20 6 3.427593e-01 16 20 7 -0.000000e+00 
18 -2 6 4 17 20 6 9.425714e-02 17 21 6 6.824736e-01 18 20 6 2.232692e-01 17 20 7 -0.000000e+00 
19 -2 6 4 18 20 6 6.934405e-02 18 21 6 8.268861e-01 19 20 6 1.037698e-01 18 20 7 -0.000000e+00 
20 -2 6 4 19 21 6 9.772242e-01 19 20 6 7.048258e-03 18 21 6 1.572752e-02 19 21 7 -0.000000e+00 
21 -2 6 4 20 21 6 6.836704e-01 19 21 6 1.352249e-01 20 22 6 1.811047e-01 20 21 7 -0.000000e+00 
22 -2 6 4 21 21 6 3.534243e-01 20 21 6 2.547222e-01 21 22 6 3.918535e-01 21 21 7 -0.000000e+00 
23 -2 6 4 22 21 6 -0.000000e+00 21 21 6 3.742196e-01 22 22 6 6.257804e-01 22 21 7 -0.000000e+00 
0 -1 6 4 1 22 6 3.742209e-01 0 22 6 3.128889e-01 1 23 6 3.128902e-01 1 22 7 -0.000000e+00 
1 -1 6 4 1 22 6 1.767122e-01 1 23 6 1.959267e-01 2 22 6 6.273611e-01 1 22 7 -0.000000e+00 
2 -1 6 4 2 22 6 3.418359e-01 2 23 6 9.055237e-02 3 22 6 5.676117e-01 2 22 7 -0.000000e+00 
3 -1 6 4 4 22 6 5.043410e-01 4 21 6 3.524129e-03 3 22 6 4.921349e-01 4 22 7 -0.000000e+00 
4 -1 6 4 5 22 6 3.615595e-01 5 21 6 8.655694e-02 4 22 6 5.518836e-01 5 22 7 -0.000000e+00 
5 -1 6 4 6 22 6 2.296027e-01 6 21 6 1.587632e-01 5 22 6 6.116341e-01 6 22 7 -0.000000e+00 
6 -1 6 4 7 22 6 1.082882e-01 7 21 6 2.203309e-01 6 22 6 6.713810e-01 7 22 7 -0.000000e+00 
7 -1 6 4 7 21 6 2.536525e-03 7 22 6 7.285918e-01 8 21 6 2.688717e-01 7 21 7 -0.000000e+00 
8 -1 6 4 8 21 6 1.030046e-01 8 22 6 6.878750e-01 9 21 6 2.091204e-01 8 21 7 -0.000000e+00 
9 -1 6 4 9 21 6 1.932049e-01 9 22 6 6.574234e-01 10 21 6 1.493717e-01 9 21 7 -0.000000e+00 
10 -1 6 4 10 21 6 2.732140e-01 10 22 6 6.371630e-01 11 21 6 8.962302e-02 10 21 7 -0.000000e+00 
11 -1 6 4 11 21 6 3.430823e-01 11 22 6 6.270434e-01 12 21 6 2.987434e-02 11 21 7 -0.000000e+00 
12 -1 6 4 12 21 6 3.430823e-01 11 21 6 2.987434e-02 12 22 6 6.270434e-01 12 21 7 -0.000000e+00 
13 -1 6 4 13 21 6 2.732140e-01 12 21 6 8.962302e-02 13 22 6 6.371630e-01 13 21 7 -0.000000e+00 
14 -1 6 4 14 21 6 1.932049e-01 13 21 6 1.493717e-01 14 22 6 6.574234e-01 14 21 7 -0.000000e+00 
15 -1 6 4 15 21 6 1.030046e-01 14 21 6 2.091204e-01 15 22 6 6.878750e-01 15 21 7 -0.000000e+00 
16 -1 6 4 16 21 6 2.536525e-03 15 21 6 2.688717e-01 16 22 6 7.285918e-01 16 21 7 -0.000000e+00 
17 -1 6 4 17 22 6 4.510488e-01 17 21 6 2.203309e-01 16 22 6 3.286204e-01 17 22 7 -0.000000e+00 
18 -1 6 4 18 22 6 4.528714e-01 18 21 6 1.587632e-01 17 22 6 3.883654e-01 18 22 7 -0.000000e+00 
19 -1 6 4 19 22 6 4.653280e-01 19 21 6 8.655694e-02 18 22 6 4.481151e-01 19 22 7 -0.000000e+00 
20 -1 6 4 20 22 6 4.886121e-01 20 21 6 3.524129e-03 19 22 6 5.078638e-01 20 22 7 -0.000000e+00 
21 -1 6 4 20 22 6 4.770601e-01 20 23 6 9.055237e-02 21 22 6 4.323876e-01 20 22 7 -0.000000e+00 
22 -1 6 4 21 22 6 4.314344e-01 21 23 6 1.959267e-01 22 22 6 3.726389e-01 21 22 7 -0.000000e+00 
23 -1 6 4 22 22 6 3.742196e-01 22 23 6 3.128902e-01 23 22 6 3.128902e-01 22 22 7 -0.000000e+00 
0 -2 4 4 2 22 4 2.647730e-06 2 21 4 3.742196e-01 1 22 4 6.257778e-01 2 22 5 -0.000000e+00 
1 -2 4 4 2 21 4 3.534246e-01 2 22 4 3.918535e-01 3 21 4 2.547219e-01 2 21 5 -0.000000e+00 
2 -2 4 4 3 21 4 6.836717e-01 3 22 4 1.811047e-01 4 21 4 1.352235e-01 3 21 5 -0.000000e+00 
3 -2 4 4 5 21 4 8.681907e-03 5 20 4 7.048258e-03 4 21 4 9.842698e-01 5 21 5 -0.000000e+00 
4 -2 4 4 5 20 4 6.934670e-02 4 20 4 1.037672e-01 5 21 4 8.268861e-01 5 20 5 -0.000000e+00 
5 -2 4 4 6 20 4 9.425816e-02 5 20 4 2.232682e-01 6 21 4 6.824736e-01 6 20 5 -0.000000e+00 
6 -2 4 4 7 20 4 9.789982e-02 6 20 4 3.427619e-01 7 21 4 5.593383e-01 7 20 5 -0.000000e+00 
7 -2 4 4 7 20 4 5.073051e-03 7 21 4 4.571836e-01 8 20 4 5.377434e-01 7 20 5 -0.000000e+00 
8 -2 4 4 8 20 4 2.060093e-01 8 21 4 3.757500e-01 9 20 4 4.182407e-01 8 20 5 -0.000000e+00 
9 -2 4 4 9 20 4 3.864097e-01 9 21 4 3.148469e-01 10 20 4 2.987434e-01 9 20 5 -0.000000e+00 
10 -2 4 4 10 20 4 5.464279e-01 10 21 4 2.743260e-01 11 20 4 1.792460e-01 10 20 5 -0.000000e+00 
11 -2 4 4 11 20 4 6.861646e-01 11 21 4 2.540868e-01 12 20 4 5.974868e-02 11 20 5 -0.000000e+00 
12 -2 4 4 12 20 4 6.861646e-01 11 20 4 5.974868e-02 12 21 4 2.540868e-01 12 20 5 -0.000000e+00 
13 -2 4 4 13 20 4 5.464279e-01 12 20 4 1.792460e-01 13 21 4 2.743260e-01 13 20 5 -0.000000e+00 
14 -2 4 4 14 20 4 3.864097e-01 13 20 4 2.987434e-01 14 21 4 3.148469e-01 14 20 5 -0.000000e+00 
15 -2 4 4 14 20 4 4.249077e-02 14 21 4 3.757500e-01 15 20 4 5.817593e-01 14 20 5 -0.000000e+00 
16 -2 4 4 15 20 4 8.055984e-02 15 21 4 4.571836e-01 16 20 4 4.622566e-01 15 20 5 -0.000000e+00 
17 -2 4 4 16 20 4 9.790247e-02 16 21 4 5.593383e-01 17 20 4 3.427593e-01 16 20 5 -0.000000e+00 
18 -2 4 4 17 20 4 9.425714e-02 17 21 4 6.824736e-01 18 20 4 2.232692e-01 17 20 5 -0.000000e+00 
19 -2 4 4 18 20 4 6.934405e-02 18 21 4 8.268861e-01 19 20 4 1.037698e-01 18 20 5 -0.000000e+00 
20 -2 4 4 19 21 4 9.772242e-01 19 20 4 7.048258e-03 18 21 4 1.572752e-02 19 21 5 -0.000000e+00 
21 -2 4 4 20 21 4 6.836704e-01 19 21 4 1.352249e-01 20 22 4 1.811047e-01 20 21 5 -0.000000e+00 
22 -2 4 4 21 21 4 3.534243e-01 20 21 4 2.547222e-01 21 22 4 3.918535e-01 21 21 5 -0.000000e+00 
23 -2 4 4 22 21 4 -0.000000e+00 21 21 4 3.742196e-01 22 22 4 6.257804e-01 22 21 5 -0.000000e+00 
0 -1 4 4 1 22 4 3.742209e-01 0 22 4 3.128889e-01 1 23 4 3.128902e-01 1 22 5 -0.000000e+00 
1 -1 4 4 1 22 4 1.767122e-01 1 23 4 1.959267e-01 2 22 4 6.273611e-01 1 22 5 -0.000000e+00 
2 -1 4 4 2 22 4 3.418359e-01 2 23 4 9.055237e-02 3 22 4 5.676117e-01 2 22 5 -0.000000e+00 
3 -1 4 4 4 22 4 5.043410e-01 4 21 4 3.524129e-03 3 22 4 4.921349e-01 4 22 5 -0.000000e+00 
4 -1 4 4 5 22 4 3.615595e-01 5 21 4 8.655694e-02 4 22 4 5.518836e-01 5 22 5 -0.000000e+00 
5 -1 4 4 6 22 4 2.296027e-01 6 21 4 1.587632e-01 5 22 4 6.116341e-01 6 22 5 -0.000000e+00 
6 -1 4 4 7 22 4 1.082882e-01 7 21 4 2.203309e-01 6 22 4 6.713810e-01 7 22 5 -0.000000e+00 
7 -1 4 4 7 21 4 2.536525e-03 7 22 4 7.285918e-01 8 21 4 2.688717e-01 7 21 5 -0.000000e+00 
8 -1 4 4 8 21 4 1.030046e-01 8 22 4 6.878750e-01 9 21 4 2.091204e-01 8 21 5 -0.000000e+00 
9 -1 4 4 9 21 4 1.932049e-01 9 22 4 6.574234e-01 10 21 4 1.493717e-01 9 21 5 -0.000000e+00 
10 -1 4 4 10 21 4 2.732140e-01 10 22 4 6.371630e-01 11 21 4 8.962302e-02 10 21 5 -0.000000e+00 
11 -1 4 4 11 21 4 3.430823e-01 11 22 4 6.270434e-01 12 21 4 2.987434e-02 11 21 5 -0.000000e+00 
12 -1 4 4 12 21 4 3.430823e-01 11 21 4 2.987434e-02 12 22 4 6.270434e-01 12 21 5 -0.000000e+00 
13 -1 4 4 13 21 4 2.732140e-01 12 21 4 8.962302e-02 13 22 4 6.371630e-01 13 21 5 -0.000000e+00 
14 -1 4 4 14 21 4 1.932049e-01 13 21 4 1.493717e-01 14 22 4 6.574234e-01 14 21 5 -0.000000e+00 
15 -1 4 4 15 21 4 1.030046e-01 14 21 4 2.091204e-01 15 22 4 6.878750e-01 15 21 5 -0.000000e+00 
16 -1 4 4 16 21 4 2.536525e-03 15 21 4 2.688717e-01 16 22 4 7.285918e-01 16 21 5 -0.000000e+00 
17 -1 4 4 17 22 4 4.510488e-01 17 21 4 2.203309e-01 16 22 4 3.286204e-01 17 22 5 -0.000000e+00 
18 -1 4 4 18 22 4 4.528714e-01 18 21 4 1.587632e-01 17 22 4 3.883654e-01 18 22 5 -0.000000e+00 
19 -1 4 4 19 22 4 4.653280e-01 19 21 4 8.655694e-02 18 22 4 4.481151e-01 19 22 5 -0.000000e+00 
20 -1 4 4 20 22 4 4.886121e-01 20 21 4 3.524129e-03 19 22 4 5.078638e-01 20 22 5 -0.000000e+00 
21 -1 4 4 20 22 4 4.770601e-01 20 23 4 9.055237e-02 21 22 4 4.323876e-01 20 22 5 -0.000000e+00 
22 -1 4 4 21 22 4 4.314344e-01 21 23 4 1.959267e-01 22 22 4 3.726389e-01 21 22 5 -0.000000e+00 
23 -1 4 4 22 22 4 3.742196e-01 22 23 4 3.128902e-01 23 22 4 3.128902e-01 22 22 5 -0.000000e+00 
0 -2 5 4 2 22 5 2.647730e-06 2 21 5 3.742196e-01 1 22 5 6.257778e-01 2 22 6 -0.000000e+00 
1 -2 5 4 2 21 5 3.534246e-01 2 22 5 3.918535e-01 3 21 5 2.547219e-01 2 21 6 -0.000000e+00 
2 -2 5 4 3 21 5 6.836717e-01 3 22 5 1.811047e-01 4 21 5 1.352235e-01 3 21 6 -0.000000e+00 
3 -2 5 4 5 21 5 8.681907e-03 5 20 5 7.048258e-03 4 21 5 9.842698e-01 5 21 6 -0.000000e+00 
4 -2 5 4 5 20 5 6.934670e-02 4 20 5 1.037672e-01 5 21 5 8.268861e-01 5 20 6 -0.000000e+00 
5 -2 5 4 6 20 5 9.425816e-02 5 20 5 2.232682e-01 6 21 5 6.824736e-01 6 20 6 -0.000000e+00 
6 -2 5 4 7 20 5 9.789982e-02 6 20 5 3.427619e-01 7 21 5 5.593383e-01 7 20 6 -0.000000e+00 
7 -2 5 4 7 20 5 5.073051e-03 7 21 5 4.571836e-01 8 20 5 5.377434e-01 7 20 6 -0.000000e+00 
8 -2 5 4 8 20 5 2.060093e-01 8 21 5 3.757500e-01 9 20 5 4.182407e-01 8 20 6 -0.000000e+00 
9 -2 5 4 9 20 5 3.864097e-01 9 21 5 3.148469e-01 10 20 5 2.987434e-01 9 20 6 -0.000000e+00 
10 -2 5 4 10 20 5 5.464279e-01 10 21 5 2.743260e-01 11 20 5 1.792460e-01 10 20 6 -0.000000e+00 
11 -2 5 4 11 20 5 6.861646e-01 11 21 5 2.540868e-01 12 20 5 5.974868e-02 11 20 6 -0.000000e+00 
12 -2 5 4 12 20 5 6.861646e-01 11 20 5 5.974868e-02 12 21 5 2.540868e-01 12 20 6 -0.000000e+00 
13 -2 5 4 13 20 5 5.464279e-01 12 20 5 1.792460e-01 13 21 5 2.743260e-01 13 20 6 -0.000000e+00 
14 -2 5 4 14 20 5 3.864097e-01 13 20 5 2.987434e-01 14 21 5 3.148469e-01 14 20 6 -0.000000e+00 
15 -2 5 4 14 20 5 4.249077e-02 14 21 5 3.757500e-01 15 20 5 5.817593e-01 14 20 6 -0.000000e+00 
16 -2 5 4 15 20 5 8.055984e-02 15 21 5 4.571836e-01 16 20 5 4.622566e-01 15 20 6 -0.000000e+00 
17 -2 5 4 16 20 5 9.790247e-02 16 21 5 5.593383e-01 17 20 5 3.427593e-01 16 20 6 -0.000000e+00 
18 -2 5 4 17 20 5 9.425714e-02 17 21 5 6.824736e-01 18 20 5 2.232692e-01 17 20 6 -0.000000e+00 
19 -2 5 4 18 20 5 6.934405e-02 18 21 5 8.268861e-01 19 20 5 1.037698e-01 18 20 6 -0.000000e+00 
20 -2 5 4 19 21 5 9.772242e-01 19 20 5 7.048258e-03 18 21 5 1.572752e-02 19 21 6 -0.000000e+00 
21 -2 5 4 20 21 5 6.836704e-01 19 21 5 1.352249e-01 20 22 5 1.811047e-01 20 21 6 -0.000000e+00 
22 -2 5 4 21 21 5 3.534243e-01 20 21 5 2.547222e-01 21 22 5 3.918535e-01 21 21 6 -0.000000e+00 
23 -2 5 4 22 21 5 -0.000000e+00 21 21 5 3.742196e-01 22 22 5 6.257804e-01 22 21 6 -0.000000e+00 
0 -1 5 4 1 22 5 3.742209e-01 0 22 5 3.128889e-01 1 23 5 3.128902e-01 1 22 6 -0.000000e+00 
1 -1 5 4 1 22 5 1.767122e-01 1 23 5 1.959267e-01 2 22 5 6.273611e-01 1 22 6 -0.000000e+00 
2 -1 5 4 2 22 5 3.418359e-01 2 23 5 9.055237e-02 3 22 5 5.676117e-01 2 22 6 -0.000000e+00 
3 -1 5 4 4 22 5 5.043410e-01 4 21 5 3.524129e-03 3 22 5 4.921349e-01 4 22 6 -0.000000e+00 
4 -1 5 4 5 22 5 3.615595e-01 5 21 5 8.655694e-02 4 22 5 5.518836e-01 5 22 6 -0.000000e+00 
5 -1 5 4 6 22 5 2.296027e-01 6 21 5 1.587632e-01 5 22 5 6.116341e-01 6 22 6 -0.000000e+00 
6 -1 5 4 7 22 5 1.082882e-01 7 21 5 2.203309e-01 6 22 5 6.713810e-01 7 22 6 -0.000000e+00 
7 -1 5 4 7 21 5 2.536525e-03 7 22 5 7.285918e-01 8 21 5 2.688717e-01 7 21 6 -0.000000e+00 
8 -1 5 4 8 21 5 1.030046e-01 8 22 5 6.878750e-01 9 21 5 2.091204e-01 8 21 6 -0.000000e+00 
9 -1 5 4 9 21 5 1.932049e-01 9 22 5 6.574234e-01 10 21 5 1.493717e-01 9 21 6 -0.000000e+00 
10 -1 5 4 10 21 5 2.732140e-01 10 22 5 6.371630e-01 11 21 5 8.962302e-02 10 21 6 -0.000000e+00 
11 -1 5 4 11 21 5 3.430823e-01 11 22 5 6.270434e-01 12 21 5 2.987434e-02 11 21 6 -0.000000e+00 
12 -1 5 4 12 21 5 3.430823e-01 11 21 5 2.987434e-02 12 22 5 6.270434e-01 12 21 6 -0.000000e+00 
13 -1 5 4 13 21 5 2.732140e-01 12 21 5 8.962302e-02 13 22 5 6.371630e-01 13 21 6 -0.000000e+00 
14 -1 5 4 14 21 5 1.932049e-01 13 21 5 1.493717e-01 14 22 5 6.574234e-01 14 21 6 -0.000000e+00 
15 -1 5 4 15 21 5 1.030046e-01 14 21 5 2.091204e-01 15 22 5 6.878750e-01 15 21 6 -0.000000e+00 
16 -1 5 4 16 21 5 2.536525e-03 15 21 5 2.688717e-01 16 22 5 7.285918e-01 16 21 6 -0.000000e+00 
17 -1 5 4 17 22 5 4.510488e-01 17 21 5 2.203309e-01 16 22 5 3.286204e-01 17 22 6 -0.000000e+00 
18 -1 5 4 18 22 5 4.528714e-01 18 21 5 1.587632e-01 17 22 5 3.883654e-01 18 22 6 -0.000000e+00 
19 -1 5 4 19 22 5 4.653280e-01 19 21 5 8.655694e-02 18 22 5 4.481151e-01 19 22 6 -0.000000e+00 
20 -1 5 4 20 22 5 4.886121e-01 20 21 5 3.524129e-03 19 22 5 5.078638e-01 20 22 6 -0.000000e+00 
21 -1 5 4 20 22 5 4.770601e-01 20 23 5 9.055237e-02 21 22 5 4.323876e-01 20 22 6 -0.000000e+00 
22 -1 5 4 21 22 5 4.314344e-01 21 23 5 1.959267e-01 22 22 5 3.726389e-01 21 22 6 -0.000000e+00 
23 -1 5 4 22 22 5 3.742196e-01 22 23 5 3.128902e-01 23 22 5 3.128902e-01 22 22 6 -0.000000e+00 
0 -2 9 4 2 22 9 2.647730e-06 2 21 9 3.742196e-01 1 22 9 6.257778e-01 2 22 10 -0.000000e+00 
1 -2 9 4 2 21 9 3.534246e-01 2 22 9 3.918535e-01 3 21 9 2.547219e-01 2 21 10 -0.000000e+00 
2 -2 9 4 3 21 9 6.836717e-01 3 22 9 1.811047e-01 4 21 9 1.352235e-01 3 21 10 -0.000000e+00 
3 -2 9 4 5 21 9 8.681907e-03 5 20 9 7.048258e-03 4 21 9 9.842698e-01 5 21 10 -0.000000e+00 
4 -2 9 4 5 20 9 6.934670e-02 4 20 9 1.037672e-01 5 21 9 8.268861e-01 5 20 10 -0.000000e+00 
5 -2 9 4 6 20 9 9.425816e-02 5 20 9 2.232682e-01 6 21 9 6.824736e-01 6 20 10 -0.000000e+00 
6 -2 9 4 7 20 9 9.789982e-02 6 20 9 3.427619e-01 7 21 9 5.593383e-01 7 20 10 -0.000000e+00 
7 -2 9 4 7 20 9 5.073051e-03 7 21 9 4.571836e-01 8 20 9 5.377434e-01 7 20 10 -0.000000e+00 
8 -2 9 4 8 20 9 2.060093e-01 8 21 9 3.757500e-01 9 20 9 4.182407e-01 8 20 10 -0.000000e+00 
9 -2 9 4 9 20 9 3.864097e-01 9 21 9 3.148469e-01 10 20 9 2.987434e-01 9 20 10 -0.000000e+00 
10 -2 9 4 10 20 9 5.464279e-01 10 21 9 2.743260e-01 11 20 9 1.792460e-01 10 20 10 -0.000000e+00 
11 -2 9 4 11 20 9 6.861646e-01 11 21 9 2.540868e-01 12 20 9 5.974868e-02 11 20 10 -0.000000e+00 
12 -2 9 4 12 20 9 6.861646e-01 11 20 9 5.974868e-02 12 21 9 2.540868e-01 12 20 10 -0.000000e+00 
13 -2 9 4 13 20 9 5.464279e-01 12 20 9 1.792460e-01 13 21 9 2.743260e-01 13 20 10 -0.000000e+00 
14 -2 9 4 14 20 9 3.864097e-01 13 20 9 2.987434e-01 14 21 9 3.148469e-01 14 20 10 -0.000000e+00 
15 -2 9 4 14 20 9 4.249077e-02 14 21 9 3.757500e-01 15 20 9 5.817593e-01 14 20 10 -0.000000e+00 
16 -2 9 4 15 20 9 8.055984e-02 15 21 9 4.571836e-01 16 20 9 4.622566e-01 15 20 10 -0.000000e+00 
17 -2 9 4 16 20 9 9.790247e-02 16 21 9 5.593383e-01 17 20 9 3.427593e-01 16 20 10 -0.000000e+00 
18 -2 9 4 17 20 9 9.425714e-02 17 21 9 6.824736e-01 18 20 9 2.232692e-01 17 20 10 -0.000000e+00 
19 -2 9 4 18 20 9 6.934405e-02 18 21 9 8.268861e-01 19 20 9 1.037698e-01 18 20 10 -0.000000e+00 
20 -2 9 4 19 21 9 9.772242e-01 19 20 9 7.048258e-03 18 21 9 1.572752e-02 19 21 10 -0.000000e+00 
21 -2 9 4 20 21 9 6.836704e-01 19 21 9 1.352249e-01 20 22 9 1.811047e-01 20 21 10 -0.000000e+00 
22 -2 9 4 21 21 9 3.534243e-01 20 21 9 2.547222e-01 21 22 9 3.918535e-01 21 21 10 -0.000000e+00 
23 -2 9 4 22 21 9 -0.000000e+00 21 21 9 3.742196e-01 22 22 9 6.257804e-01 22 21 10 -0.000000e+00 
0 -1 9 4 1 22 9 3.742209e-01 0 22 9 3.128889e-01 1 23 9 3.128902e-01 1 22 10 -0.000000e+00 
1 -1 9 4 1 22 9 1.767122e-01 1 23 9 1.959267e-01 2 22 9 6.273611e-01 1 22 10 -0.000000e+00 
2 -1 9 4 2 22 9 3.418359e-01 2 23 9 9.055237e-02 3 22 9 5.676117e-01 2 22 10 -0.000000e+00 
3 -1 9 4 4 22 9 5.043410e-01 4 21 9 3.524129e-03 3 22 9 4.921349e-01 4 22 10 -0.000000e+00 
4 -1 9 4 5 22 9 3.615595e-01 5 21 9 8.655694e-02 4 22 9 5.518836e-01 5 22 10 -0.000000e+00 
5 -1 9 4 6 22 9 2.296027e-01 6 21 9 1.587632e-01 5 22 9 6.116341e-01 6 22 10 -0.000000e+00 
6 -1 9 4 7 22 9 1.082882e-01 7 21 9 2.203309e-01 6 22 9 6.713810e-01 7 22 10 -0.000000e+00 
7 -1 9 4 7 21 9 2.536525e-03 7 22 9 7.285918e-01 8 21 9 2.688717e-01 7 21 10 -0.000000e+00 
8 -1 9 4 8 21 9 1.030046e-01 8 22 9 6.878750e-01 9 21 9 2.091204e-01 8 21 10 -0.000000e+00 
9 -1 9 4 9 21 9 1.932049e-01 9 22 9 6.574234e-01 10 21 9 1.493717e-01 9 21 10 -0.000000e+00 
10 -1 9 4 10 21 9 2.732140e-01 10 22 9 6.371630e-01 11 21 9 8.962302e-02 10 21 10 -0.000000e+00 
11 -1 9 4 11 21 9 3.430823e-01 11 22 9 6.270434e-01 12 21 9 2.987434e-02 11 21 10 -0.000000e+00 
12 -1 9 4 12 21 9 3.430823e-01 11 21 9 2.987434e-02 12 22 9 6.270434e-01 12 21 10 -0.000000e+00 
13 -1 9 4 13 21 9 2.732140e-01 12 21 9 8.962302e-02 13 22 9 6.371630e-01 13 21 10 -0.000000e+00 
14 -1 9 4 14 21 9 1.932049e-01 13 21 9 1.493717e-01 14 22 9 6.574234e-01 14 21 10 -0.000000e+00 
15 -1 9 4 15 21 9 1.030046e-01 14 21 9 2.091204e-01 15 22 9 6.878750e-01 15 21 10 -0.000000e+00 
16 -1 9 4 16 21 9 2.536525e-03 15 21 9 2.688717e-01 16 22 9 7.285918e-01 16 21 10 -0.000000e+00 
17 -1 9 4 17 22 9 4.510488e-01 17 21 9 2.203309e-01 16 22 9 3.286204e-01 17 22 10 -0.000000e+00 
18 -1 9 4 18 22 9 4.528714e-01 18 21 9 1.587632e-01 17 22 9 3.883654e-01 18 22 10 -0.000000e+00 
19 -1 9 4 19 22 9 4.653280e-01 19 21 9 8.655694e-02 18 22 9 4.481151e-01 19 22 10 -0.000000e+00 
20 -1 9 4 20 22 9 4.886121e-01 20 21 9 3.524129e-03 19 22 9 5.078638e-01 20 22 10 -0.000000e+00 
21 -1 9 4 20 22 9 4.770601e-01 20 23 9 9.055237e-02 21 22 9 4.323876e-01 20 22 10 -0.000000e+00 
22 -1 9 4 21 22 9 4.314344e-01 21 23 9 1.959267e-01 22 22 9 3.726389e-01 21 22 10 -0.000000e+00 
23 -1 9 4 22 22 9 3.742196e-01 22 23 9 3.128902e-01 23 22 9 3.128902e-01 22 22 10 -0.000000e+00 
