C1_left
3D
754
23 0 54 1 23 0 54 1.000000e+00 
23 1 54 1 23 1 54 1.000000e+00 
23 2 54 1 23 2 54 1.000000e+00 
23 3 54 1 23 3 54 1.000000e+00 
23 4 54 1 23 4 54 1.000000e+00 
23 5 54 1 23 5 54 1.000000e+00 
23 6 54 1 23 6 54 1.000000e+00 
23 7 54 1 23 7 54 1.000000e+00 
23 8 54 1 23 8 54 1.000000e+00 
23 9 54 1 23 9 54 1.000000e+00 
23 10 54 1 23 10 54 1.000000e+00 
23 11 54 1 23 11 54 1.000000e+00 
23 12 54 1 23 12 54 1.000000e+00 
23 0 55 1 23 0 55 1.000000e+00 
23 1 55 1 23 1 55 1.000000e+00 
23 2 55 1 23 2 55 1.000000e+00 
23 3 55 1 23 3 55 1.000000e+00 
23 4 55 1 23 4 55 1.000000e+00 
23 5 55 1 23 5 55 1.000000e+00 
23 6 55 1 23 6 55 1.000000e+00 
23 7 55 1 23 7 55 1.000000e+00 
23 8 55 1 23 8 55 1.000000e+00 
23 9 55 1 23 9 55 1.000000e+00 
23 10 55 1 23 10 55 1.000000e+00 
23 11 55 1 23 11 55 1.000000e+00 
23 12 55 1 23 12 55 1.000000e+00 
23 0 56 1 23 0 56 1.000000e+00 
23 1 56 1 23 1 56 1.000000e+00 
23 2 56 1 23 2 56 1.000000e+00 
23 3 56 1 23 3 56 1.000000e+00 
23 4 56 1 23 4 56 1.000000e+00 
23 5 56 1 23 5 56 1.000000e+00 
23 6 56 1 23 6 56 1.000000e+00 
23 7 56 1 23 7 56 1.000000e+00 
23 8 56 1 23 8 56 1.000000e+00 
23 9 56 1 23 9 56 1.000000e+00 
23 10 56 1 23 10 56 1.000000e+00 
23 11 56 1 23 11 56 1.000000e+00 
23 12 56 1 23 12 56 1.000000e+00 
23 0 57 1 23 0 57 1.000000e+00 
23 1 57 1 23 1 57 1.000000e+00 
23 2 57 1 23 2 57 1.000000e+00 
23 3 57 1 23 3 57 1.000000e+00 
23 4 57 1 23 4 57 1.000000e+00 
23 5 57 1 23 5 57 1.000000e+00 
23 6 57 1 23 6 57 1.000000e+00 
23 7 57 1 23 7 57 1.000000e+00 
23 8 57 1 23 8 57 1.000000e+00 
23 9 57 1 23 9 57 1.000000e+00 
23 10 57 1 23 10 57 1.000000e+00 
23 11 57 1 23 11 57 1.000000e+00 
23 12 57 1 23 12 57 1.000000e+00 
23 0 35 1 23 0 35 1.000000e+00 
23 1 35 1 23 1 35 1.000000e+00 
23 2 35 1 23 2 35 1.000000e+00 
23 3 35 1 23 3 35 1.000000e+00 
23 4 35 1 23 4 35 1.000000e+00 
23 5 35 1 23 5 35 1.000000e+00 
23 6 35 1 23 6 35 1.000000e+00 
23 7 35 1 23 7 35 1.000000e+00 
23 8 35 1 23 8 35 1.000000e+00 
23 9 35 1 23 9 35 1.000000e+00 
23 10 35 1 23 10 35 1.000000e+00 
23 11 35 1 23 11 35 1.000000e+00 
23 12 35 1 23 12 35 1.000000e+00 
23 0 36 1 23 0 36 1.000000e+00 
23 1 36 1 23 1 36 1.000000e+00 
23 2 36 1 23 2 36 1.000000e+00 
23 3 36 1 23 3 36 1.000000e+00 
23 4 36 1 23 4 36 1.000000e+00 
23 5 36 1 23 5 36 1.000000e+00 
23 6 36 1 23 6 36 1.000000e+00 
23 7 36 1 23 7 36 1.000000e+00 
23 8 36 1 23 8 36 1.000000e+00 
23 9 36 1 23 9 36 1.000000e+00 
23 10 36 1 23 10 36 1.000000e+00 
23 11 36 1 23 11 36 1.000000e+00 
23 12 36 1 23 12 36 1.000000e+00 
23 0 37 1 23 0 37 1.000000e+00 
23 1 37 1 23 1 37 1.000000e+00 
23 2 37 1 23 2 37 1.000000e+00 
23 3 37 1 23 3 37 1.000000e+00 
23 4 37 1 23 4 37 1.000000e+00 
23 5 37 1 23 5 37 1.000000e+00 
23 6 37 1 23 6 37 1.000000e+00 
23 7 37 1 23 7 37 1.000000e+00 
23 8 37 1 23 8 37 1.000000e+00 
23 9 37 1 23 9 37 1.000000e+00 
23 10 37 1 23 10 37 1.000000e+00 
23 11 37 1 23 11 37 1.000000e+00 
23 12 37 1 23 12 37 1.000000e+00 
23 0 38 1 23 0 38 1.000000e+00 
23 1 38 1 23 1 38 1.000000e+00 
23 2 38 1 23 2 38 1.000000e+00 
23 3 38 1 23 3 38 1.000000e+00 
23 4 38 1 23 4 38 1.000000e+00 
23 5 38 1 23 5 38 1.000000e+00 
23 6 38 1 23 6 38 1.000000e+00 
23 7 38 1 23 7 38 1.000000e+00 
23 8 38 1 23 8 38 1.000000e+00 
23 9 38 1 23 9 38 1.000000e+00 
23 10 38 1 23 10 38 1.000000e+00 
23 11 38 1 23 11 38 1.000000e+00 
23 12 38 1 23 12 38 1.000000e+00 
23 0 39 1 23 0 39 1.000000e+00 
23 1 39 1 23 1 39 1.000000e+00 
23 2 39 1 23 2 39 1.000000e+00 
23 3 39 1 23 3 39 1.000000e+00 
23 4 39 1 23 4 39 1.000000e+00 
23 5 39 1 23 5 39 1.000000e+00 
23 6 39 1 23 6 39 1.000000e+00 
23 7 39 1 23 7 39 1.000000e+00 
23 8 39 1 23 8 39 1.000000e+00 
23 9 39 1 23 9 39 1.000000e+00 
23 10 39 1 23 10 39 1.000000e+00 
23 11 39 1 23 11 39 1.000000e+00 
23 12 39 1 23 12 39 1.000000e+00 
23 0 20 1 23 0 20 1.000000e+00 
23 1 20 1 23 1 20 1.000000e+00 
23 2 20 1 23 2 20 1.000000e+00 
23 3 20 1 23 3 20 1.000000e+00 
23 4 20 1 23 4 20 1.000000e+00 
23 5 20 1 23 5 20 1.000000e+00 
23 6 20 1 23 6 20 1.000000e+00 
23 7 20 1 23 7 20 1.000000e+00 
23 8 20 1 23 8 20 1.000000e+00 
23 9 20 1 23 9 20 1.000000e+00 
23 10 20 1 23 10 20 1.000000e+00 
23 11 20 1 23 11 20 1.000000e+00 
23 12 20 1 23 12 20 1.000000e+00 
23 0 21 1 23 0 21 1.000000e+00 
23 1 21 1 23 1 21 1.000000e+00 
23 2 21 1 23 2 21 1.000000e+00 
23 3 21 1 23 3 21 1.000000e+00 
23 4 21 1 23 4 21 1.000000e+00 
23 5 21 1 23 5 21 1.000000e+00 
23 6 21 1 23 6 21 1.000000e+00 
23 7 21 1 23 7 21 1.000000e+00 
23 8 21 1 23 8 21 1.000000e+00 
23 9 21 1 23 9 21 1.000000e+00 
23 10 21 1 23 10 21 1.000000e+00 
23 11 21 1 23 11 21 1.000000e+00 
23 12 21 1 23 12 21 1.000000e+00 
23 0 22 1 23 0 22 1.000000e+00 
23 1 22 1 23 1 22 1.000000e+00 
23 2 22 1 23 2 22 1.000000e+00 
23 3 22 1 23 3 22 1.000000e+00 
23 4 22 1 23 4 22 1.000000e+00 
23 5 22 1 23 5 22 1.000000e+00 
23 6 22 1 23 6 22 1.000000e+00 
23 7 22 1 23 7 22 1.000000e+00 
23 8 22 1 23 8 22 1.000000e+00 
23 9 22 1 23 9 22 1.000000e+00 
23 10 22 1 23 10 22 1.000000e+00 
23 11 22 1 23 11 22 1.000000e+00 
23 12 22 1 23 12 22 1.000000e+00 
23 0 23 1 23 0 23 1.000000e+00 
23 1 23 1 23 1 23 1.000000e+00 
23 2 23 1 23 2 23 1.000000e+00 
23 3 23 1 23 3 23 1.000000e+00 
23 4 23 1 23 4 23 1.000000e+00 
23 5 23 1 23 5 23 1.000000e+00 
23 6 23 1 23 6 23 1.000000e+00 
23 7 23 1 23 7 23 1.000000e+00 
23 8 23 1 23 8 23 1.000000e+00 
23 9 23 1 23 9 23 1.000000e+00 
23 10 23 1 23 10 23 1.000000e+00 
23 11 23 1 23 11 23 1.000000e+00 
23 12 23 1 23 12 23 1.000000e+00 
23 0 24 1 23 0 24 1.000000e+00 
23 1 24 1 23 1 24 1.000000e+00 
23 2 24 1 23 2 24 1.000000e+00 
23 3 24 1 23 3 24 1.000000e+00 
23 4 24 1 23 4 24 1.000000e+00 
23 5 24 1 23 5 24 1.000000e+00 
23 6 24 1 23 6 24 1.000000e+00 
23 7 24 1 23 7 24 1.000000e+00 
23 8 24 1 23 8 24 1.000000e+00 
23 9 24 1 23 9 24 1.000000e+00 
23 10 24 1 23 10 24 1.000000e+00 
23 11 24 1 23 11 24 1.000000e+00 
23 12 24 1 23 12 24 1.000000e+00 
23 0 40 1 23 0 40 1.000000e+00 
23 1 40 1 23 1 40 1.000000e+00 
23 2 40 1 23 2 40 1.000000e+00 
23 3 40 1 23 3 40 1.000000e+00 
23 4 40 1 23 4 40 1.000000e+00 
23 5 40 1 23 5 40 1.000000e+00 
23 6 40 1 23 6 40 1.000000e+00 
23 7 40 1 23 7 40 1.000000e+00 
23 8 40 1 23 8 40 1.000000e+00 
23 9 40 1 23 9 40 1.000000e+00 
23 10 40 1 23 10 40 1.000000e+00 
23 11 40 1 23 11 40 1.000000e+00 
23 12 40 1 23 12 40 1.000000e+00 
23 0 41 1 23 0 41 1.000000e+00 
23 1 41 1 23 1 41 1.000000e+00 
23 2 41 1 23 2 41 1.000000e+00 
23 3 41 1 23 3 41 1.000000e+00 
23 4 41 1 23 4 41 1.000000e+00 
23 5 41 1 23 5 41 1.000000e+00 
23 6 41 1 23 6 41 1.000000e+00 
23 7 41 1 23 7 41 1.000000e+00 
23 8 41 1 23 8 41 1.000000e+00 
23 9 41 1 23 9 41 1.000000e+00 
23 10 41 1 23 10 41 1.000000e+00 
23 11 41 1 23 11 41 1.000000e+00 
23 12 41 1 23 12 41 1.000000e+00 
23 0 42 1 23 0 42 1.000000e+00 
23 1 42 1 23 1 42 1.000000e+00 
23 2 42 1 23 2 42 1.000000e+00 
23 3 42 1 23 3 42 1.000000e+00 
23 4 42 1 23 4 42 1.000000e+00 
23 5 42 1 23 5 42 1.000000e+00 
23 6 42 1 23 6 42 1.000000e+00 
23 7 42 1 23 7 42 1.000000e+00 
23 8 42 1 23 8 42 1.000000e+00 
23 9 42 1 23 9 42 1.000000e+00 
23 10 42 1 23 10 42 1.000000e+00 
23 11 42 1 23 11 42 1.000000e+00 
23 12 42 1 23 12 42 1.000000e+00 
23 0 43 1 23 0 43 1.000000e+00 
23 1 43 1 23 1 43 1.000000e+00 
23 2 43 1 23 2 43 1.000000e+00 
23 3 43 1 23 3 43 1.000000e+00 
23 4 43 1 23 4 43 1.000000e+00 
23 5 43 1 23 5 43 1.000000e+00 
23 6 43 1 23 6 43 1.000000e+00 
23 7 43 1 23 7 43 1.000000e+00 
23 8 43 1 23 8 43 1.000000e+00 
23 9 43 1 23 9 43 1.000000e+00 
23 10 43 1 23 10 43 1.000000e+00 
23 11 43 1 23 11 43 1.000000e+00 
23 12 43 1 23 12 43 1.000000e+00 
23 0 44 1 23 0 44 1.000000e+00 
23 1 44 1 23 1 44 1.000000e+00 
23 2 44 1 23 2 44 1.000000e+00 
23 3 44 1 23 3 44 1.000000e+00 
23 4 44 1 23 4 44 1.000000e+00 
23 5 44 1 23 5 44 1.000000e+00 
23 6 44 1 23 6 44 1.000000e+00 
23 7 44 1 23 7 44 1.000000e+00 
23 8 44 1 23 8 44 1.000000e+00 
23 9 44 1 23 9 44 1.000000e+00 
23 10 44 1 23 10 44 1.000000e+00 
23 11 44 1 23 11 44 1.000000e+00 
23 12 44 1 23 12 44 1.000000e+00 
23 0 25 1 23 0 25 1.000000e+00 
23 1 25 1 23 1 25 1.000000e+00 
23 2 25 1 23 2 25 1.000000e+00 
23 3 25 1 23 3 25 1.000000e+00 
23 4 25 1 23 4 25 1.000000e+00 
23 5 25 1 23 5 25 1.000000e+00 
23 6 25 1 23 6 25 1.000000e+00 
23 7 25 1 23 7 25 1.000000e+00 
23 8 25 1 23 8 25 1.000000e+00 
23 9 25 1 23 9 25 1.000000e+00 
23 10 25 1 23 10 25 1.000000e+00 
23 11 25 1 23 11 25 1.000000e+00 
23 12 25 1 23 12 25 1.000000e+00 
23 0 26 1 23 0 26 1.000000e+00 
23 1 26 1 23 1 26 1.000000e+00 
23 2 26 1 23 2 26 1.000000e+00 
23 3 26 1 23 3 26 1.000000e+00 
23 4 26 1 23 4 26 1.000000e+00 
23 5 26 1 23 5 26 1.000000e+00 
23 6 26 1 23 6 26 1.000000e+00 
23 7 26 1 23 7 26 1.000000e+00 
23 8 26 1 23 8 26 1.000000e+00 
23 9 26 1 23 9 26 1.000000e+00 
23 10 26 1 23 10 26 1.000000e+00 
23 11 26 1 23 11 26 1.000000e+00 
23 12 26 1 23 12 26 1.000000e+00 
23 0 27 1 23 0 27 1.000000e+00 
23 1 27 1 23 1 27 1.000000e+00 
23 2 27 1 23 2 27 1.000000e+00 
23 3 27 1 23 3 27 1.000000e+00 
23 4 27 1 23 4 27 1.000000e+00 
23 5 27 1 23 5 27 1.000000e+00 
23 6 27 1 23 6 27 1.000000e+00 
23 7 27 1 23 7 27 1.000000e+00 
23 8 27 1 23 8 27 1.000000e+00 
23 9 27 1 23 9 27 1.000000e+00 
23 10 27 1 23 10 27 1.000000e+00 
23 11 27 1 23 11 27 1.000000e+00 
23 12 27 1 23 12 27 1.000000e+00 
23 0 28 1 23 0 28 1.000000e+00 
23 1 28 1 23 1 28 1.000000e+00 
23 2 28 1 23 2 28 1.000000e+00 
23 3 28 1 23 3 28 1.000000e+00 
23 4 28 1 23 4 28 1.000000e+00 
23 5 28 1 23 5 28 1.000000e+00 
23 6 28 1 23 6 28 1.000000e+00 
23 7 28 1 23 7 28 1.000000e+00 
23 8 28 1 23 8 28 1.000000e+00 
23 9 28 1 23 9 28 1.000000e+00 
23 10 28 1 23 10 28 1.000000e+00 
23 11 28 1 23 11 28 1.000000e+00 
23 12 28 1 23 12 28 1.000000e+00 
23 0 29 1 23 0 29 1.000000e+00 
23 1 29 1 23 1 29 1.000000e+00 
23 2 29 1 23 2 29 1.000000e+00 
23 3 29 1 23 3 29 1.000000e+00 
23 4 29 1 23 4 29 1.000000e+00 
23 5 29 1 23 5 29 1.000000e+00 
23 6 29 1 23 6 29 1.000000e+00 
23 7 29 1 23 7 29 1.000000e+00 
23 8 29 1 23 8 29 1.000000e+00 
23 9 29 1 23 9 29 1.000000e+00 
23 10 29 1 23 10 29 1.000000e+00 
23 11 29 1 23 11 29 1.000000e+00 
23 12 29 1 23 12 29 1.000000e+00 
23 0 45 1 23 0 45 1.000000e+00 
23 1 45 1 23 1 45 1.000000e+00 
23 2 45 1 23 2 45 1.000000e+00 
23 3 45 1 23 3 45 1.000000e+00 
23 4 45 1 23 4 45 1.000000e+00 
23 5 45 1 23 5 45 1.000000e+00 
23 6 45 1 23 6 45 1.000000e+00 
23 7 45 1 23 7 45 1.000000e+00 
23 8 45 1 23 8 45 1.000000e+00 
23 9 45 1 23 9 45 1.000000e+00 
23 10 45 1 23 10 45 1.000000e+00 
23 11 45 1 23 11 45 1.000000e+00 
23 12 45 1 23 12 45 1.000000e+00 
23 0 46 1 23 0 46 1.000000e+00 
23 1 46 1 23 1 46 1.000000e+00 
23 2 46 1 23 2 46 1.000000e+00 
23 3 46 1 23 3 46 1.000000e+00 
23 4 46 1 23 4 46 1.000000e+00 
23 5 46 1 23 5 46 1.000000e+00 
23 6 46 1 23 6 46 1.000000e+00 
23 7 46 1 23 7 46 1.000000e+00 
23 8 46 1 23 8 46 1.000000e+00 
23 9 46 1 23 9 46 1.000000e+00 
23 10 46 1 23 10 46 1.000000e+00 
23 11 46 1 23 11 46 1.000000e+00 
23 12 46 1 23 12 46 1.000000e+00 
23 0 47 1 23 0 47 1.000000e+00 
23 1 47 1 23 1 47 1.000000e+00 
23 2 47 1 23 2 47 1.000000e+00 
23 3 47 1 23 3 47 1.000000e+00 
23 4 47 1 23 4 47 1.000000e+00 
23 5 47 1 23 5 47 1.000000e+00 
23 6 47 1 23 6 47 1.000000e+00 
23 7 47 1 23 7 47 1.000000e+00 
23 8 47 1 23 8 47 1.000000e+00 
23 9 47 1 23 9 47 1.000000e+00 
23 10 47 1 23 10 47 1.000000e+00 
23 11 47 1 23 11 47 1.000000e+00 
23 12 47 1 23 12 47 1.000000e+00 
23 0 48 1 23 0 48 1.000000e+00 
23 1 48 1 23 1 48 1.000000e+00 
23 2 48 1 23 2 48 1.000000e+00 
23 3 48 1 23 3 48 1.000000e+00 
23 4 48 1 23 4 48 1.000000e+00 
23 5 48 1 23 5 48 1.000000e+00 
23 6 48 1 23 6 48 1.000000e+00 
23 7 48 1 23 7 48 1.000000e+00 
23 8 48 1 23 8 48 1.000000e+00 
23 9 48 1 23 9 48 1.000000e+00 
23 10 48 1 23 10 48 1.000000e+00 
23 11 48 1 23 11 48 1.000000e+00 
23 12 48 1 23 12 48 1.000000e+00 
23 0 49 1 23 0 49 1.000000e+00 
23 1 49 1 23 1 49 1.000000e+00 
23 2 49 1 23 2 49 1.000000e+00 
23 3 49 1 23 3 49 1.000000e+00 
23 4 49 1 23 4 49 1.000000e+00 
23 5 49 1 23 5 49 1.000000e+00 
23 6 49 1 23 6 49 1.000000e+00 
23 7 49 1 23 7 49 1.000000e+00 
23 8 49 1 23 8 49 1.000000e+00 
23 9 49 1 23 9 49 1.000000e+00 
23 10 49 1 23 10 49 1.000000e+00 
23 11 49 1 23 11 49 1.000000e+00 
23 12 49 1 23 12 49 1.000000e+00 
23 0 5 1 23 0 5 1.000000e+00 
23 1 5 1 23 1 5 1.000000e+00 
23 2 5 1 23 2 5 1.000000e+00 
23 3 5 1 23 3 5 1.000000e+00 
23 4 5 1 23 4 5 1.000000e+00 
23 5 5 1 23 5 5 1.000000e+00 
23 6 5 1 23 6 5 1.000000e+00 
23 7 5 1 23 7 5 1.000000e+00 
23 8 5 1 23 8 5 1.000000e+00 
23 9 5 1 23 9 5 1.000000e+00 
23 10 5 1 23 10 5 1.000000e+00 
23 11 5 1 23 11 5 1.000000e+00 
23 12 5 1 23 12 5 1.000000e+00 
23 0 6 1 23 0 6 1.000000e+00 
23 1 6 1 23 1 6 1.000000e+00 
23 2 6 1 23 2 6 1.000000e+00 
23 3 6 1 23 3 6 1.000000e+00 
23 4 6 1 23 4 6 1.000000e+00 
23 5 6 1 23 5 6 1.000000e+00 
23 6 6 1 23 6 6 1.000000e+00 
23 7 6 1 23 7 6 1.000000e+00 
23 8 6 1 23 8 6 1.000000e+00 
23 9 6 1 23 9 6 1.000000e+00 
23 10 6 1 23 10 6 1.000000e+00 
23 11 6 1 23 11 6 1.000000e+00 
23 12 6 1 23 12 6 1.000000e+00 
23 0 7 1 23 0 7 1.000000e+00 
23 1 7 1 23 1 7 1.000000e+00 
23 2 7 1 23 2 7 1.000000e+00 
23 3 7 1 23 3 7 1.000000e+00 
23 4 7 1 23 4 7 1.000000e+00 
23 5 7 1 23 5 7 1.000000e+00 
23 6 7 1 23 6 7 1.000000e+00 
23 7 7 1 23 7 7 1.000000e+00 
23 8 7 1 23 8 7 1.000000e+00 
23 9 7 1 23 9 7 1.000000e+00 
23 10 7 1 23 10 7 1.000000e+00 
23 11 7 1 23 11 7 1.000000e+00 
23 12 7 1 23 12 7 1.000000e+00 
23 0 8 1 23 0 8 1.000000e+00 
23 1 8 1 23 1 8 1.000000e+00 
23 2 8 1 23 2 8 1.000000e+00 
23 3 8 1 23 3 8 1.000000e+00 
23 4 8 1 23 4 8 1.000000e+00 
23 5 8 1 23 5 8 1.000000e+00 
23 6 8 1 23 6 8 1.000000e+00 
23 7 8 1 23 7 8 1.000000e+00 
23 8 8 1 23 8 8 1.000000e+00 
23 9 8 1 23 9 8 1.000000e+00 
23 10 8 1 23 10 8 1.000000e+00 
23 11 8 1 23 11 8 1.000000e+00 
23 12 8 1 23 12 8 1.000000e+00 
23 0 9 1 23 0 9 1.000000e+00 
23 1 9 1 23 1 9 1.000000e+00 
23 2 9 1 23 2 9 1.000000e+00 
23 3 9 1 23 3 9 1.000000e+00 
23 4 9 1 23 4 9 1.000000e+00 
23 5 9 1 23 5 9 1.000000e+00 
23 6 9 1 23 6 9 1.000000e+00 
23 7 9 1 23 7 9 1.000000e+00 
23 8 9 1 23 8 9 1.000000e+00 
23 9 9 1 23 9 9 1.000000e+00 
23 10 9 1 23 10 9 1.000000e+00 
23 11 9 1 23 11 9 1.000000e+00 
23 12 9 1 23 12 9 1.000000e+00 
23 0 30 1 23 0 30 1.000000e+00 
23 1 30 1 23 1 30 1.000000e+00 
23 2 30 1 23 2 30 1.000000e+00 
23 3 30 1 23 3 30 1.000000e+00 
23 4 30 1 23 4 30 1.000000e+00 
23 5 30 1 23 5 30 1.000000e+00 
23 6 30 1 23 6 30 1.000000e+00 
23 7 30 1 23 7 30 1.000000e+00 
23 8 30 1 23 8 30 1.000000e+00 
23 9 30 1 23 9 30 1.000000e+00 
23 10 30 1 23 10 30 1.000000e+00 
23 11 30 1 23 11 30 1.000000e+00 
23 12 30 1 23 12 30 1.000000e+00 
23 0 31 1 23 0 31 1.000000e+00 
23 1 31 1 23 1 31 1.000000e+00 
23 2 31 1 23 2 31 1.000000e+00 
23 3 31 1 23 3 31 1.000000e+00 
23 4 31 1 23 4 31 1.000000e+00 
23 5 31 1 23 5 31 1.000000e+00 
23 6 31 1 23 6 31 1.000000e+00 
23 7 31 1 23 7 31 1.000000e+00 
23 8 31 1 23 8 31 1.000000e+00 
23 9 31 1 23 9 31 1.000000e+00 
23 10 31 1 23 10 31 1.000000e+00 
23 11 31 1 23 11 31 1.000000e+00 
23 12 31 1 23 12 31 1.000000e+00 
23 0 32 1 23 0 32 1.000000e+00 
23 1 32 1 23 1 32 1.000000e+00 
23 2 32 1 23 2 32 1.000000e+00 
23 3 32 1 23 3 32 1.000000e+00 
23 4 32 1 23 4 32 1.000000e+00 
23 5 32 1 23 5 32 1.000000e+00 
23 6 32 1 23 6 32 1.000000e+00 
23 7 32 1 23 7 32 1.000000e+00 
23 8 32 1 23 8 32 1.000000e+00 
23 9 32 1 23 9 32 1.000000e+00 
23 10 32 1 23 10 32 1.000000e+00 
23 11 32 1 23 11 32 1.000000e+00 
23 12 32 1 23 12 32 1.000000e+00 
23 0 33 1 23 0 33 1.000000e+00 
23 1 33 1 23 1 33 1.000000e+00 
23 2 33 1 23 2 33 1.000000e+00 
23 3 33 1 23 3 33 1.000000e+00 
23 4 33 1 23 4 33 1.000000e+00 
23 5 33 1 23 5 33 1.000000e+00 
23 6 33 1 23 6 33 1.000000e+00 
23 7 33 1 23 7 33 1.000000e+00 
23 8 33 1 23 8 33 1.000000e+00 
23 9 33 1 23 9 33 1.000000e+00 
23 10 33 1 23 10 33 1.000000e+00 
23 11 33 1 23 11 33 1.000000e+00 
23 12 33 1 23 12 33 1.000000e+00 
23 0 34 1 23 0 34 1.000000e+00 
23 1 34 1 23 1 34 1.000000e+00 
23 2 34 1 23 2 34 1.000000e+00 
23 3 34 1 23 3 34 1.000000e+00 
23 4 34 1 23 4 34 1.000000e+00 
23 5 34 1 23 5 34 1.000000e+00 
23 6 34 1 23 6 34 1.000000e+00 
23 7 34 1 23 7 34 1.000000e+00 
23 8 34 1 23 8 34 1.000000e+00 
23 9 34 1 23 9 34 1.000000e+00 
23 10 34 1 23 10 34 1.000000e+00 
23 11 34 1 23 11 34 1.000000e+00 
23 12 34 1 23 12 34 1.000000e+00 
23 0 10 1 23 0 10 1.000000e+00 
23 1 10 1 23 1 10 1.000000e+00 
23 2 10 1 23 2 10 1.000000e+00 
23 3 10 1 23 3 10 1.000000e+00 
23 4 10 1 23 4 10 1.000000e+00 
23 5 10 1 23 5 10 1.000000e+00 
23 6 10 1 23 6 10 1.000000e+00 
23 7 10 1 23 7 10 1.000000e+00 
23 8 10 1 23 8 10 1.000000e+00 
23 9 10 1 23 9 10 1.000000e+00 
23 10 10 1 23 10 10 1.000000e+00 
23 11 10 1 23 11 10 1.000000e+00 
23 12 10 1 23 12 10 1.000000e+00 
23 0 11 1 23 0 11 1.000000e+00 
23 1 11 1 23 1 11 1.000000e+00 
23 2 11 1 23 2 11 1.000000e+00 
23 3 11 1 23 3 11 1.000000e+00 
23 4 11 1 23 4 11 1.000000e+00 
23 5 11 1 23 5 11 1.000000e+00 
23 6 11 1 23 6 11 1.000000e+00 
23 7 11 1 23 7 11 1.000000e+00 
23 8 11 1 23 8 11 1.000000e+00 
23 9 11 1 23 9 11 1.000000e+00 
23 10 11 1 23 10 11 1.000000e+00 
23 11 11 1 23 11 11 1.000000e+00 
23 12 11 1 23 12 11 1.000000e+00 
23 0 12 1 23 0 12 1.000000e+00 
23 1 12 1 23 1 12 1.000000e+00 
23 2 12 1 23 2 12 1.000000e+00 
23 3 12 1 23 3 12 1.000000e+00 
23 4 12 1 23 4 12 1.000000e+00 
23 5 12 1 23 5 12 1.000000e+00 
23 6 12 1 23 6 12 1.000000e+00 
23 7 12 1 23 7 12 1.000000e+00 
23 8 12 1 23 8 12 1.000000e+00 
23 9 12 1 23 9 12 1.000000e+00 
23 10 12 1 23 10 12 1.000000e+00 
23 11 12 1 23 11 12 1.000000e+00 
23 12 12 1 23 12 12 1.000000e+00 
23 0 13 1 23 0 13 1.000000e+00 
23 1 13 1 23 1 13 1.000000e+00 
23 2 13 1 23 2 13 1.000000e+00 
23 3 13 1 23 3 13 1.000000e+00 
23 4 13 1 23 4 13 1.000000e+00 
23 5 13 1 23 5 13 1.000000e+00 
23 6 13 1 23 6 13 1.000000e+00 
23 7 13 1 23 7 13 1.000000e+00 
23 8 13 1 23 8 13 1.000000e+00 
23 9 13 1 23 9 13 1.000000e+00 
23 10 13 1 23 10 13 1.000000e+00 
23 11 13 1 23 11 13 1.000000e+00 
23 12 13 1 23 12 13 1.000000e+00 
23 0 14 1 23 0 14 1.000000e+00 
23 1 14 1 23 1 14 1.000000e+00 
23 2 14 1 23 2 14 1.000000e+00 
23 3 14 1 23 3 14 1.000000e+00 
23 4 14 1 23 4 14 1.000000e+00 
23 5 14 1 23 5 14 1.000000e+00 
23 6 14 1 23 6 14 1.000000e+00 
23 7 14 1 23 7 14 1.000000e+00 
23 8 14 1 23 8 14 1.000000e+00 
23 9 14 1 23 9 14 1.000000e+00 
23 10 14 1 23 10 14 1.000000e+00 
23 11 14 1 23 11 14 1.000000e+00 
23 12 14 1 23 12 14 1.000000e+00 
23 0 15 1 23 0 15 1.000000e+00 
23 1 15 1 23 1 15 1.000000e+00 
23 2 15 1 23 2 15 1.000000e+00 
23 3 15 1 23 3 15 1.000000e+00 
23 4 15 1 23 4 15 1.000000e+00 
23 5 15 1 23 5 15 1.000000e+00 
23 6 15 1 23 6 15 1.000000e+00 
23 7 15 1 23 7 15 1.000000e+00 
23 8 15 1 23 8 15 1.000000e+00 
23 9 15 1 23 9 15 1.000000e+00 
23 10 15 1 23 10 15 1.000000e+00 
23 11 15 1 23 11 15 1.000000e+00 
23 12 15 1 23 12 15 1.000000e+00 
23 0 16 1 23 0 16 1.000000e+00 
23 1 16 1 23 1 16 1.000000e+00 
23 2 16 1 23 2 16 1.000000e+00 
23 3 16 1 23 3 16 1.000000e+00 
23 4 16 1 23 4 16 1.000000e+00 
23 5 16 1 23 5 16 1.000000e+00 
23 6 16 1 23 6 16 1.000000e+00 
23 7 16 1 23 7 16 1.000000e+00 
23 8 16 1 23 8 16 1.000000e+00 
23 9 16 1 23 9 16 1.000000e+00 
23 10 16 1 23 10 16 1.000000e+00 
23 11 16 1 23 11 16 1.000000e+00 
23 12 16 1 23 12 16 1.000000e+00 
23 0 17 1 23 0 17 1.000000e+00 
23 1 17 1 23 1 17 1.000000e+00 
23 2 17 1 23 2 17 1.000000e+00 
23 3 17 1 23 3 17 1.000000e+00 
23 4 17 1 23 4 17 1.000000e+00 
23 5 17 1 23 5 17 1.000000e+00 
23 6 17 1 23 6 17 1.000000e+00 
23 7 17 1 23 7 17 1.000000e+00 
23 8 17 1 23 8 17 1.000000e+00 
23 9 17 1 23 9 17 1.000000e+00 
23 10 17 1 23 10 17 1.000000e+00 
23 11 17 1 23 11 17 1.000000e+00 
23 12 17 1 23 12 17 1.000000e+00 
23 0 18 1 23 0 18 1.000000e+00 
23 1 18 1 23 1 18 1.000000e+00 
23 2 18 1 23 2 18 1.000000e+00 
23 3 18 1 23 3 18 1.000000e+00 
23 4 18 1 23 4 18 1.000000e+00 
23 5 18 1 23 5 18 1.000000e+00 
23 6 18 1 23 6 18 1.000000e+00 
23 7 18 1 23 7 18 1.000000e+00 
23 8 18 1 23 8 18 1.000000e+00 
23 9 18 1 23 9 18 1.000000e+00 
23 10 18 1 23 10 18 1.000000e+00 
23 11 18 1 23 11 18 1.000000e+00 
23 12 18 1 23 12 18 1.000000e+00 
23 0 19 1 23 0 19 1.000000e+00 
23 1 19 1 23 1 19 1.000000e+00 
23 2 19 1 23 2 19 1.000000e+00 
23 3 19 1 23 3 19 1.000000e+00 
23 4 19 1 23 4 19 1.000000e+00 
23 5 19 1 23 5 19 1.000000e+00 
23 6 19 1 23 6 19 1.000000e+00 
23 7 19 1 23 7 19 1.000000e+00 
23 8 19 1 23 8 19 1.000000e+00 
23 9 19 1 23 9 19 1.000000e+00 
23 10 19 1 23 10 19 1.000000e+00 
23 11 19 1 23 11 19 1.000000e+00 
23 12 19 1 23 12 19 1.000000e+00 
23 0 50 1 23 0 50 1.000000e+00 
23 1 50 1 23 1 50 1.000000e+00 
23 2 50 1 23 2 50 1.000000e+00 
23 3 50 1 23 3 50 1.000000e+00 
23 4 50 1 23 4 50 1.000000e+00 
23 5 50 1 23 5 50 1.000000e+00 
23 6 50 1 23 6 50 1.000000e+00 
23 7 50 1 23 7 50 1.000000e+00 
23 8 50 1 23 8 50 1.000000e+00 
23 9 50 1 23 9 50 1.000000e+00 
23 10 50 1 23 10 50 1.000000e+00 
23 11 50 1 23 11 50 1.000000e+00 
23 12 50 1 23 12 50 1.000000e+00 
23 0 51 1 23 0 51 1.000000e+00 
23 1 51 1 23 1 51 1.000000e+00 
23 2 51 1 23 2 51 1.000000e+00 
23 3 51 1 23 3 51 1.000000e+00 
23 4 51 1 23 4 51 1.000000e+00 
23 5 51 1 23 5 51 1.000000e+00 
23 6 51 1 23 6 51 1.000000e+00 
23 7 51 1 23 7 51 1.000000e+00 
23 8 51 1 23 8 51 1.000000e+00 
23 9 51 1 23 9 51 1.000000e+00 
23 10 51 1 23 10 51 1.000000e+00 
23 11 51 1 23 11 51 1.000000e+00 
23 12 51 1 23 12 51 1.000000e+00 
23 0 52 1 23 0 52 1.000000e+00 
23 1 52 1 23 1 52 1.000000e+00 
23 2 52 1 23 2 52 1.000000e+00 
23 3 52 1 23 3 52 1.000000e+00 
23 4 52 1 23 4 52 1.000000e+00 
23 5 52 1 23 5 52 1.000000e+00 
23 6 52 1 23 6 52 1.000000e+00 
23 7 52 1 23 7 52 1.000000e+00 
23 8 52 1 23 8 52 1.000000e+00 
23 9 52 1 23 9 52 1.000000e+00 
23 10 52 1 23 10 52 1.000000e+00 
23 11 52 1 23 11 52 1.000000e+00 
23 12 52 1 23 12 52 1.000000e+00 
23 0 53 1 23 0 53 1.000000e+00 
23 1 53 1 23 1 53 1.000000e+00 
23 2 53 1 23 2 53 1.000000e+00 
23 3 53 1 23 3 53 1.000000e+00 
23 4 53 1 23 4 53 1.000000e+00 
23 5 53 1 23 5 53 1.000000e+00 
23 6 53 1 23 6 53 1.000000e+00 
23 7 53 1 23 7 53 1.000000e+00 
23 8 53 1 23 8 53 1.000000e+00 
23 9 53 1 23 9 53 1.000000e+00 
23 10 53 1 23 10 53 1.000000e+00 
23 11 53 1 23 11 53 1.000000e+00 
23 12 53 1 23 12 53 1.000000e+00 
23 0 0 1 23 0 0 1.000000e+00 
23 1 0 1 23 1 0 1.000000e+00 
23 2 0 1 23 2 0 1.000000e+00 
23 3 0 1 23 3 0 1.000000e+00 
23 4 0 1 23 4 0 1.000000e+00 
23 5 0 1 23 5 0 1.000000e+00 
23 6 0 1 23 6 0 1.000000e+00 
23 7 0 1 23 7 0 1.000000e+00 
23 8 0 1 23 8 0 1.000000e+00 
23 9 0 1 23 9 0 1.000000e+00 
23 10 0 1 23 10 0 1.000000e+00 
23 11 0 1 23 11 0 1.000000e+00 
23 12 0 1 23 12 0 1.000000e+00 
23 0 1 1 23 0 1 1.000000e+00 
23 1 1 1 23 1 1 1.000000e+00 
23 2 1 1 23 2 1 1.000000e+00 
23 3 1 1 23 3 1 1.000000e+00 
23 4 1 1 23 4 1 1.000000e+00 
23 5 1 1 23 5 1 1.000000e+00 
23 6 1 1 23 6 1 1.000000e+00 
23 7 1 1 23 7 1 1.000000e+00 
23 8 1 1 23 8 1 1.000000e+00 
23 9 1 1 23 9 1 1.000000e+00 
23 10 1 1 23 10 1 1.000000e+00 
23 11 1 1 23 11 1 1.000000e+00 
23 12 1 1 23 12 1 1.000000e+00 
23 0 2 1 23 0 2 1.000000e+00 
23 1 2 1 23 1 2 1.000000e+00 
23 2 2 1 23 2 2 1.000000e+00 
23 3 2 1 23 3 2 1.000000e+00 
23 4 2 1 23 4 2 1.000000e+00 
23 5 2 1 23 5 2 1.000000e+00 
23 6 2 1 23 6 2 1.000000e+00 
23 7 2 1 23 7 2 1.000000e+00 
23 8 2 1 23 8 2 1.000000e+00 
23 9 2 1 23 9 2 1.000000e+00 
23 10 2 1 23 10 2 1.000000e+00 
23 11 2 1 23 11 2 1.000000e+00 
23 12 2 1 23 12 2 1.000000e+00 
23 0 3 1 23 0 3 1.000000e+00 
23 1 3 1 23 1 3 1.000000e+00 
23 2 3 1 23 2 3 1.000000e+00 
23 3 3 1 23 3 3 1.000000e+00 
23 4 3 1 23 4 3 1.000000e+00 
23 5 3 1 23 5 3 1.000000e+00 
23 6 3 1 23 6 3 1.000000e+00 
23 7 3 1 23 7 3 1.000000e+00 
23 8 3 1 23 8 3 1.000000e+00 
23 9 3 1 23 9 3 1.000000e+00 
23 10 3 1 23 10 3 1.000000e+00 
23 11 3 1 23 11 3 1.000000e+00 
23 12 3 1 23 12 3 1.000000e+00 
23 0 4 1 23 0 4 1.000000e+00 
23 1 4 1 23 1 4 1.000000e+00 
23 2 4 1 23 2 4 1.000000e+00 
23 3 4 1 23 3 4 1.000000e+00 
23 4 4 1 23 4 4 1.000000e+00 
23 5 4 1 23 5 4 1.000000e+00 
23 6 4 1 23 6 4 1.000000e+00 
23 7 4 1 23 7 4 1.000000e+00 
23 8 4 1 23 8 4 1.000000e+00 
23 9 4 1 23 9 4 1.000000e+00 
23 10 4 1 23 10 4 1.000000e+00 
23 11 4 1 23 11 4 1.000000e+00 
23 12 4 1 23 12 4 1.000000e+00 
