center
3D
672
0 -2 2 4 22 1 2 2.515582e-01 21 1 2 3.742196e-01 22 2 2 3.742222e-01 22 1 3 -0.000000e+00 
1 -2 2 4 21 1 2 1.371312e-01 20 1 2 2.547222e-01 21 2 2 6.081465e-01 21 1 3 -0.000000e+00 
2 -2 2 4 20 1 2 4.588251e-02 19 1 2 1.352249e-01 20 2 2 8.188926e-01 20 1 3 -0.000000e+00 
3 -2 2 4 18 2 2 8.679269e-03 18 3 2 7.048248e-03 19 2 2 9.842725e-01 18 2 3 -0.000000e+00 
4 -2 2 4 18 2 2 7.231165e-01 18 3 2 1.731137e-01 19 2 2 1.037698e-01 18 2 3 -0.000000e+00 
5 -2 2 4 17 2 2 4.592021e-01 17 3 2 3.175286e-01 18 2 2 2.232692e-01 17 2 3 -0.000000e+00 
6 -2 2 4 16 2 2 2.165796e-01 16 3 2 4.406611e-01 17 2 2 3.427593e-01 16 2 3 -0.000000e+00 
7 -2 2 4 16 3 2 5.072332e-03 16 2 2 4.571843e-01 15 3 2 5.377434e-01 16 3 3 -0.000000e+00 
8 -2 2 4 15 3 2 2.060085e-01 15 2 2 3.757508e-01 14 3 2 4.182407e-01 15 3 3 -0.000000e+00 
9 -2 2 4 14 2 2 1.610440e-02 13 2 2 2.987434e-01 14 3 2 6.851522e-01 14 2 3 -0.000000e+00 
10 -2 2 4 13 2 2 9.507830e-02 12 2 2 1.792460e-01 13 3 2 7.256757e-01 13 2 3 -0.000000e+00 
11 -2 2 4 12 2 2 1.943391e-01 11 2 2 5.974868e-02 12 3 2 7.459122e-01 12 2 3 -0.000000e+00 
12 -2 2 4 11 2 2 1.943391e-01 11 3 2 7.459122e-01 12 2 2 5.974868e-02 11 2 3 -0.000000e+00 
13 -2 2 4 10 2 2 9.507830e-02 10 3 2 7.256757e-01 11 2 2 1.792460e-01 10 2 3 -0.000000e+00 
14 -2 2 4 9 2 2 1.610440e-02 9 3 2 6.851522e-01 10 2 2 2.987434e-01 9 2 3 -0.000000e+00 
15 -2 2 4 9 3 2 4.248995e-02 9 2 2 3.757508e-01 8 3 2 5.817593e-01 9 3 3 -0.000000e+00 
16 -2 2 4 8 3 2 8.055912e-02 8 2 2 4.571843e-01 7 3 2 4.622566e-01 8 3 3 -0.000000e+00 
17 -2 2 4 7 2 2 2.165770e-01 6 2 2 3.427619e-01 7 3 2 4.406611e-01 7 2 3 -0.000000e+00 
18 -2 2 4 6 2 2 4.592032e-01 5 2 2 2.232682e-01 6 3 2 3.175286e-01 6 2 3 -0.000000e+00 
19 -2 2 4 5 2 2 7.231191e-01 4 2 2 1.037672e-01 5 3 2 1.731137e-01 5 2 3 -0.000000e+00 
20 -2 2 4 4 2 2 9.772216e-01 4 3 2 7.048248e-03 5 2 2 1.573016e-02 4 2 3 -0.000000e+00 
21 -2 2 4 3 1 2 4.588384e-02 3 2 2 8.188926e-01 4 1 2 1.352235e-01 3 1 3 -0.000000e+00 
22 -2 2 4 2 1 2 1.371316e-01 2 2 2 6.081465e-01 3 1 2 2.547219e-01 2 1 3 -0.000000e+00 
23 -2 2 4 1 1 2 2.515555e-01 1 2 2 3.742222e-01 2 1 2 3.742222e-01 1 1 3 -0.000000e+00 
0 -1 2 4 23 1 2 1.323865e-06 23 0 2 3.128889e-01 22 1 2 6.871098e-01 23 1 3 -0.000000e+00 
1 -1 2 4 22 1 2 1.767122e-01 22 0 2 1.959267e-01 21 1 2 6.273611e-01 22 1 3 -0.000000e+00 
2 -1 2 4 21 1 2 3.418339e-01 21 0 2 9.055369e-02 20 1 2 5.676124e-01 21 1 3 -0.000000e+00 
3 -1 2 4 19 1 2 5.043396e-01 19 2 2 3.524129e-03 20 1 2 4.921362e-01 19 1 3 -0.000000e+00 
4 -1 2 4 18 1 2 3.615581e-01 18 2 2 8.655694e-02 19 1 2 5.518849e-01 18 1 3 -0.000000e+00 
5 -1 2 4 17 1 2 2.296009e-01 17 2 2 1.587645e-01 18 1 2 6.116346e-01 17 1 3 -0.000000e+00 
6 -1 2 4 16 1 2 1.082895e-01 16 2 2 2.203309e-01 17 1 2 6.713796e-01 16 1 3 -0.000000e+00 
7 -1 2 4 16 1 2 4.597201e-01 15 1 2 2.688717e-01 16 2 2 2.714082e-01 16 1 3 -0.000000e+00 
8 -1 2 4 15 1 2 4.787546e-01 14 1 2 2.091204e-01 15 2 2 3.121250e-01 15 1 3 -0.000000e+00 
9 -1 2 4 14 1 2 5.080517e-01 13 1 2 1.493717e-01 14 2 2 3.425766e-01 14 1 3 -0.000000e+00 
10 -1 2 4 13 1 2 5.475387e-01 12 1 2 8.962302e-02 13 2 2 3.628383e-01 13 1 3 -0.000000e+00 
11 -1 2 4 12 1 2 5.971690e-01 11 1 2 2.987434e-02 12 2 2 3.729566e-01 12 1 3 -0.000000e+00 
12 -1 2 4 11 1 2 5.971690e-01 11 2 2 3.729566e-01 12 1 2 2.987434e-02 11 1 3 -0.000000e+00 
13 -1 2 4 10 1 2 5.475387e-01 10 2 2 3.628383e-01 11 1 2 8.962302e-02 10 1 3 -0.000000e+00 
14 -1 2 4 9 1 2 5.080517e-01 9 2 2 3.425766e-01 10 1 2 1.493717e-01 9 1 3 -0.000000e+00 
15 -1 2 4 8 1 2 4.787546e-01 8 2 2 3.121250e-01 9 1 2 2.091204e-01 8 1 3 -0.000000e+00 
16 -1 2 4 7 1 2 4.597201e-01 7 2 2 2.714082e-01 8 1 2 2.688717e-01 7 1 3 -0.000000e+00 
17 -1 2 4 6 1 2 4.510501e-01 6 2 2 2.203309e-01 7 1 2 3.286190e-01 6 1 3 -0.000000e+00 
18 -1 2 4 5 1 2 4.528696e-01 5 2 2 1.587645e-01 6 1 2 3.883659e-01 5 1 3 -0.000000e+00 
19 -1 2 4 4 1 2 4.653267e-01 4 2 2 8.655694e-02 5 1 2 4.481164e-01 4 1 3 -0.000000e+00 
20 -1 2 4 3 1 2 4.886108e-01 3 2 2 3.524129e-03 4 1 2 5.078651e-01 3 1 3 -0.000000e+00 
21 -1 2 4 3 1 2 4.770580e-01 3 0 2 9.055369e-02 2 1 2 4.323883e-01 3 1 3 -0.000000e+00 
22 -1 2 4 2 1 2 4.314344e-01 2 0 2 1.959267e-01 1 1 2 3.726389e-01 2 1 3 -0.000000e+00 
23 -1 2 4 1 0 2 -0.000000e+00 0 0 2 3.128889e-01 1 1 2 6.871111e-01 1 0 3 -0.000000e+00 
0 -2 3 4 22 1 3 2.515582e-01 21 1 3 3.742196e-01 22 2 3 3.742222e-01 22 1 4 -0.000000e+00 
1 -2 3 4 21 1 3 1.371312e-01 20 1 3 2.547222e-01 21 2 3 6.081465e-01 21 1 4 -0.000000e+00 
2 -2 3 4 20 1 3 4.588251e-02 19 1 3 1.352249e-01 20 2 3 8.188926e-01 20 1 4 -0.000000e+00 
3 -2 3 4 18 2 3 8.679269e-03 18 3 3 7.048248e-03 19 2 3 9.842725e-01 18 2 4 -0.000000e+00 
4 -2 3 4 18 2 3 7.231165e-01 18 3 3 1.731137e-01 19 2 3 1.037698e-01 18 2 4 -0.000000e+00 
5 -2 3 4 17 2 3 4.592021e-01 17 3 3 3.175286e-01 18 2 3 2.232692e-01 17 2 4 -0.000000e+00 
6 -2 3 4 16 2 3 2.165796e-01 16 3 3 4.406611e-01 17 2 3 3.427593e-01 16 2 4 -0.000000e+00 
7 -2 3 4 16 3 3 5.072332e-03 16 2 3 4.571843e-01 15 3 3 5.377434e-01 16 3 4 -0.000000e+00 
8 -2 3 4 15 3 3 2.060085e-01 15 2 3 3.757508e-01 14 3 3 4.182407e-01 15 3 4 -0.000000e+00 
9 -2 3 4 14 2 3 1.610440e-02 13 2 3 2.987434e-01 14 3 3 6.851522e-01 14 2 4 -0.000000e+00 
10 -2 3 4 13 2 3 9.507830e-02 12 2 3 1.792460e-01 13 3 3 7.256757e-01 13 2 4 -0.000000e+00 
11 -2 3 4 12 2 3 1.943391e-01 11 2 3 5.974868e-02 12 3 3 7.459122e-01 12 2 4 -0.000000e+00 
12 -2 3 4 11 2 3 1.943391e-01 11 3 3 7.459122e-01 12 2 3 5.974868e-02 11 2 4 -0.000000e+00 
13 -2 3 4 10 2 3 9.507830e-02 10 3 3 7.256757e-01 11 2 3 1.792460e-01 10 2 4 -0.000000e+00 
14 -2 3 4 9 2 3 1.610440e-02 9 3 3 6.851522e-01 10 2 3 2.987434e-01 9 2 4 -0.000000e+00 
15 -2 3 4 9 3 3 4.248995e-02 9 2 3 3.757508e-01 8 3 3 5.817593e-01 9 3 4 -0.000000e+00 
16 -2 3 4 8 3 3 8.055912e-02 8 2 3 4.571843e-01 7 3 3 4.622566e-01 8 3 4 -0.000000e+00 
17 -2 3 4 7 2 3 2.165770e-01 6 2 3 3.427619e-01 7 3 3 4.406611e-01 7 2 4 -0.000000e+00 
18 -2 3 4 6 2 3 4.592032e-01 5 2 3 2.232682e-01 6 3 3 3.175286e-01 6 2 4 -0.000000e+00 
19 -2 3 4 5 2 3 7.231191e-01 4 2 3 1.037672e-01 5 3 3 1.731137e-01 5 2 4 -0.000000e+00 
20 -2 3 4 4 2 3 9.772216e-01 4 3 3 7.048248e-03 5 2 3 1.573016e-02 4 2 4 -0.000000e+00 
21 -2 3 4 3 1 3 4.588384e-02 3 2 3 8.188926e-01 4 1 3 1.352235e-01 3 1 4 -0.000000e+00 
22 -2 3 4 2 1 3 1.371316e-01 2 2 3 6.081465e-01 3 1 3 2.547219e-01 2 1 4 -0.000000e+00 
23 -2 3 4 1 1 3 2.515555e-01 1 2 3 3.742222e-01 2 1 3 3.742222e-01 1 1 4 -0.000000e+00 
0 -1 3 4 23 1 3 1.323865e-06 23 0 3 3.128889e-01 22 1 3 6.871098e-01 23 1 4 -0.000000e+00 
1 -1 3 4 22 1 3 1.767122e-01 22 0 3 1.959267e-01 21 1 3 6.273611e-01 22 1 4 -0.000000e+00 
2 -1 3 4 21 1 3 3.418339e-01 21 0 3 9.055369e-02 20 1 3 5.676124e-01 21 1 4 -0.000000e+00 
3 -1 3 4 19 1 3 5.043396e-01 19 2 3 3.524129e-03 20 1 3 4.921362e-01 19 1 4 -0.000000e+00 
4 -1 3 4 18 1 3 3.615581e-01 18 2 3 8.655694e-02 19 1 3 5.518849e-01 18 1 4 -0.000000e+00 
5 -1 3 4 17 1 3 2.296009e-01 17 2 3 1.587645e-01 18 1 3 6.116346e-01 17 1 4 -0.000000e+00 
6 -1 3 4 16 1 3 1.082895e-01 16 2 3 2.203309e-01 17 1 3 6.713796e-01 16 1 4 -0.000000e+00 
7 -1 3 4 16 1 3 4.597201e-01 15 1 3 2.688717e-01 16 2 3 2.714082e-01 16 1 4 -0.000000e+00 
8 -1 3 4 15 1 3 4.787546e-01 14 1 3 2.091204e-01 15 2 3 3.121250e-01 15 1 4 -0.000000e+00 
9 -1 3 4 14 1 3 5.080517e-01 13 1 3 1.493717e-01 14 2 3 3.425766e-01 14 1 4 -0.000000e+00 
10 -1 3 4 13 1 3 5.475387e-01 12 1 3 8.962302e-02 13 2 3 3.628383e-01 13 1 4 -0.000000e+00 
11 -1 3 4 12 1 3 5.971690e-01 11 1 3 2.987434e-02 12 2 3 3.729566e-01 12 1 4 -0.000000e+00 
12 -1 3 4 11 1 3 5.971690e-01 11 2 3 3.729566e-01 12 1 3 2.987434e-02 11 1 4 -0.000000e+00 
13 -1 3 4 10 1 3 5.475387e-01 10 2 3 3.628383e-01 11 1 3 8.962302e-02 10 1 4 -0.000000e+00 
14 -1 3 4 9 1 3 5.080517e-01 9 2 3 3.425766e-01 10 1 3 1.493717e-01 9 1 4 -0.000000e+00 
15 -1 3 4 8 1 3 4.787546e-01 8 2 3 3.121250e-01 9 1 3 2.091204e-01 8 1 4 -0.000000e+00 
16 -1 3 4 7 1 3 4.597201e-01 7 2 3 2.714082e-01 8 1 3 2.688717e-01 7 1 4 -0.000000e+00 
17 -1 3 4 6 1 3 4.510501e-01 6 2 3 2.203309e-01 7 1 3 3.286190e-01 6 1 4 -0.000000e+00 
18 -1 3 4 5 1 3 4.528696e-01 5 2 3 1.587645e-01 6 1 3 3.883659e-01 5 1 4 -0.000000e+00 
19 -1 3 4 4 1 3 4.653267e-01 4 2 3 8.655694e-02 5 1 3 4.481164e-01 4 1 4 -0.000000e+00 
20 -1 3 4 3 1 3 4.886108e-01 3 2 3 3.524129e-03 4 1 3 5.078651e-01 3 1 4 -0.000000e+00 
21 -1 3 4 3 1 3 4.770580e-01 3 0 3 9.055369e-02 2 1 3 4.323883e-01 3 1 4 -0.000000e+00 
22 -1 3 4 2 1 3 4.314344e-01 2 0 3 1.959267e-01 1 1 3 3.726389e-01 2 1 4 -0.000000e+00 
23 -1 3 4 1 0 3 -0.000000e+00 0 0 3 3.128889e-01 1 1 3 6.871111e-01 1 0 4 -0.000000e+00 
0 -2 13 4 22 1 13 2.515582e-01 21 1 13 3.742196e-01 22 2 13 3.742222e-01 22 1 14 -0.000000e+00 
1 -2 13 4 21 1 13 1.371312e-01 20 1 13 2.547222e-01 21 2 13 6.081465e-01 21 1 14 -0.000000e+00 
2 -2 13 4 20 1 13 4.588251e-02 19 1 13 1.352249e-01 20 2 13 8.188926e-01 20 1 14 -0.000000e+00 
3 -2 13 4 18 2 13 8.679269e-03 18 3 13 7.048248e-03 19 2 13 9.842725e-01 18 2 14 -0.000000e+00 
4 -2 13 4 18 2 13 7.231165e-01 18 3 13 1.731137e-01 19 2 13 1.037698e-01 18 2 14 -0.000000e+00 
5 -2 13 4 17 2 13 4.592021e-01 17 3 13 3.175286e-01 18 2 13 2.232692e-01 17 2 14 -0.000000e+00 
6 -2 13 4 16 2 13 2.165796e-01 16 3 13 4.406611e-01 17 2 13 3.427593e-01 16 2 14 -0.000000e+00 
7 -2 13 4 16 3 13 5.072332e-03 16 2 13 4.571843e-01 15 3 13 5.377434e-01 16 3 14 -0.000000e+00 
8 -2 13 4 15 3 13 2.060085e-01 15 2 13 3.757508e-01 14 3 13 4.182407e-01 15 3 14 -0.000000e+00 
9 -2 13 4 14 2 13 1.610440e-02 13 2 13 2.987434e-01 14 3 13 6.851522e-01 14 2 14 -0.000000e+00 
10 -2 13 4 13 2 13 9.507830e-02 12 2 13 1.792460e-01 13 3 13 7.256757e-01 13 2 14 -0.000000e+00 
11 -2 13 4 12 2 13 1.943391e-01 11 2 13 5.974868e-02 12 3 13 7.459122e-01 12 2 14 -0.000000e+00 
12 -2 13 4 11 2 13 1.943391e-01 11 3 13 7.459122e-01 12 2 13 5.974868e-02 11 2 14 -0.000000e+00 
13 -2 13 4 10 2 13 9.507830e-02 10 3 13 7.256757e-01 11 2 13 1.792460e-01 10 2 14 -0.000000e+00 
14 -2 13 4 9 2 13 1.610440e-02 9 3 13 6.851522e-01 10 2 13 2.987434e-01 9 2 14 -0.000000e+00 
15 -2 13 4 9 3 13 4.248995e-02 9 2 13 3.757508e-01 8 3 13 5.817593e-01 9 3 14 -0.000000e+00 
16 -2 13 4 8 3 13 8.055912e-02 8 2 13 4.571843e-01 7 3 13 4.622566e-01 8 3 14 -0.000000e+00 
17 -2 13 4 7 2 13 2.165770e-01 6 2 13 3.427619e-01 7 3 13 4.406611e-01 7 2 14 -0.000000e+00 
18 -2 13 4 6 2 13 4.592032e-01 5 2 13 2.232682e-01 6 3 13 3.175286e-01 6 2 14 -0.000000e+00 
19 -2 13 4 5 2 13 7.231191e-01 4 2 13 1.037672e-01 5 3 13 1.731137e-01 5 2 14 -0.000000e+00 
20 -2 13 4 4 2 13 9.772216e-01 4 3 13 7.048248e-03 5 2 13 1.573016e-02 4 2 14 -0.000000e+00 
21 -2 13 4 3 1 13 4.588384e-02 3 2 13 8.188926e-01 4 1 13 1.352235e-01 3 1 14 -0.000000e+00 
22 -2 13 4 2 1 13 1.371316e-01 2 2 13 6.081465e-01 3 1 13 2.547219e-01 2 1 14 -0.000000e+00 
23 -2 13 4 1 1 13 2.515555e-01 1 2 13 3.742222e-01 2 1 13 3.742222e-01 1 1 14 -0.000000e+00 
0 -1 13 4 23 1 13 1.323865e-06 23 0 13 3.128889e-01 22 1 13 6.871098e-01 23 1 14 -0.000000e+00 
1 -1 13 4 22 1 13 1.767122e-01 22 0 13 1.959267e-01 21 1 13 6.273611e-01 22 1 14 -0.000000e+00 
2 -1 13 4 21 1 13 3.418339e-01 21 0 13 9.055369e-02 20 1 13 5.676124e-01 21 1 14 -0.000000e+00 
3 -1 13 4 19 1 13 5.043396e-01 19 2 13 3.524129e-03 20 1 13 4.921362e-01 19 1 14 -0.000000e+00 
4 -1 13 4 18 1 13 3.615581e-01 18 2 13 8.655694e-02 19 1 13 5.518849e-01 18 1 14 -0.000000e+00 
5 -1 13 4 17 1 13 2.296009e-01 17 2 13 1.587645e-01 18 1 13 6.116346e-01 17 1 14 -0.000000e+00 
6 -1 13 4 16 1 13 1.082895e-01 16 2 13 2.203309e-01 17 1 13 6.713796e-01 16 1 14 -0.000000e+00 
7 -1 13 4 16 1 13 4.597201e-01 15 1 13 2.688717e-01 16 2 13 2.714082e-01 16 1 14 -0.000000e+00 
8 -1 13 4 15 1 13 4.787546e-01 14 1 13 2.091204e-01 15 2 13 3.121250e-01 15 1 14 -0.000000e+00 
9 -1 13 4 14 1 13 5.080517e-01 13 1 13 1.493717e-01 14 2 13 3.425766e-01 14 1 14 -0.000000e+00 
10 -1 13 4 13 1 13 5.475387e-01 12 1 13 8.962302e-02 13 2 13 3.628383e-01 13 1 14 -0.000000e+00 
11 -1 13 4 12 1 13 5.971690e-01 11 1 13 2.987434e-02 12 2 13 3.729566e-01 12 1 14 -0.000000e+00 
12 -1 13 4 11 1 13 5.971690e-01 11 2 13 3.729566e-01 12 1 13 2.987434e-02 11 1 14 -0.000000e+00 
13 -1 13 4 10 1 13 5.475387e-01 10 2 13 3.628383e-01 11 1 13 8.962302e-02 10 1 14 -0.000000e+00 
14 -1 13 4 9 1 13 5.080517e-01 9 2 13 3.425766e-01 10 1 13 1.493717e-01 9 1 14 -0.000000e+00 
15 -1 13 4 8 1 13 4.787546e-01 8 2 13 3.121250e-01 9 1 13 2.091204e-01 8 1 14 -0.000000e+00 
16 -1 13 4 7 1 13 4.597201e-01 7 2 13 2.714082e-01 8 1 13 2.688717e-01 7 1 14 -0.000000e+00 
17 -1 13 4 6 1 13 4.510501e-01 6 2 13 2.203309e-01 7 1 13 3.286190e-01 6 1 14 -0.000000e+00 
18 -1 13 4 5 1 13 4.528696e-01 5 2 13 1.587645e-01 6 1 13 3.883659e-01 5 1 14 -0.000000e+00 
19 -1 13 4 4 1 13 4.653267e-01 4 2 13 8.655694e-02 5 1 13 4.481164e-01 4 1 14 -0.000000e+00 
20 -1 13 4 3 1 13 4.886108e-01 3 2 13 3.524129e-03 4 1 13 5.078651e-01 3 1 14 -0.000000e+00 
21 -1 13 4 3 1 13 4.770580e-01 3 0 13 9.055369e-02 2 1 13 4.323883e-01 3 1 14 -0.000000e+00 
22 -1 13 4 2 1 13 4.314344e-01 2 0 13 1.959267e-01 1 1 13 3.726389e-01 2 1 14 -0.000000e+00 
23 -1 13 4 1 0 13 -0.000000e+00 0 0 13 3.128889e-01 1 1 13 6.871111e-01 1 0 14 -0.000000e+00 
0 -2 10 4 22 1 10 2.515582e-01 21 1 10 3.742196e-01 22 2 10 3.742222e-01 22 1 11 -0.000000e+00 
1 -2 10 4 21 1 10 1.371312e-01 20 1 10 2.547222e-01 21 2 10 6.081465e-01 21 1 11 -0.000000e+00 
2 -2 10 4 20 1 10 4.588251e-02 19 1 10 1.352249e-01 20 2 10 8.188926e-01 20 1 11 -0.000000e+00 
3 -2 10 4 18 2 10 8.679269e-03 18 3 10 7.048248e-03 19 2 10 9.842725e-01 18 2 11 -0.000000e+00 
4 -2 10 4 18 2 10 7.231165e-01 18 3 10 1.731137e-01 19 2 10 1.037698e-01 18 2 11 -0.000000e+00 
5 -2 10 4 17 2 10 4.592021e-01 17 3 10 3.175286e-01 18 2 10 2.232692e-01 17 2 11 -0.000000e+00 
6 -2 10 4 16 2 10 2.165796e-01 16 3 10 4.406611e-01 17 2 10 3.427593e-01 16 2 11 -0.000000e+00 
7 -2 10 4 16 3 10 5.072332e-03 16 2 10 4.571843e-01 15 3 10 5.377434e-01 16 3 11 -0.000000e+00 
8 -2 10 4 15 3 10 2.060085e-01 15 2 10 3.757508e-01 14 3 10 4.182407e-01 15 3 11 -0.000000e+00 
9 -2 10 4 14 2 10 1.610440e-02 13 2 10 2.987434e-01 14 3 10 6.851522e-01 14 2 11 -0.000000e+00 
10 -2 10 4 13 2 10 9.507830e-02 12 2 10 1.792460e-01 13 3 10 7.256757e-01 13 2 11 -0.000000e+00 
11 -2 10 4 12 2 10 1.943391e-01 11 2 10 5.974868e-02 12 3 10 7.459122e-01 12 2 11 -0.000000e+00 
12 -2 10 4 11 2 10 1.943391e-01 11 3 10 7.459122e-01 12 2 10 5.974868e-02 11 2 11 -0.000000e+00 
13 -2 10 4 10 2 10 9.507830e-02 10 3 10 7.256757e-01 11 2 10 1.792460e-01 10 2 11 -0.000000e+00 
14 -2 10 4 9 2 10 1.610440e-02 9 3 10 6.851522e-01 10 2 10 2.987434e-01 9 2 11 -0.000000e+00 
15 -2 10 4 9 3 10 4.248995e-02 9 2 10 3.757508e-01 8 3 10 5.817593e-01 9 3 11 -0.000000e+00 
16 -2 10 4 8 3 10 8.055912e-02 8 2 10 4.571843e-01 7 3 10 4.622566e-01 8 3 11 -0.000000e+00 
17 -2 10 4 7 2 10 2.165770e-01 6 2 10 3.427619e-01 7 3 10 4.406611e-01 7 2 11 -0.000000e+00 
18 -2 10 4 6 2 10 4.592032e-01 5 2 10 2.232682e-01 6 3 10 3.175286e-01 6 2 11 -0.000000e+00 
19 -2 10 4 5 2 10 7.231191e-01 4 2 10 1.037672e-01 5 3 10 1.731137e-01 5 2 11 -0.000000e+00 
20 -2 10 4 4 2 10 9.772216e-01 4 3 10 7.048248e-03 5 2 10 1.573016e-02 4 2 11 -0.000000e+00 
21 -2 10 4 3 1 10 4.588384e-02 3 2 10 8.188926e-01 4 1 10 1.352235e-01 3 1 11 -0.000000e+00 
22 -2 10 4 2 1 10 1.371316e-01 2 2 10 6.081465e-01 3 1 10 2.547219e-01 2 1 11 -0.000000e+00 
23 -2 10 4 1 1 10 2.515555e-01 1 2 10 3.742222e-01 2 1 10 3.742222e-01 1 1 11 -0.000000e+00 
0 -1 10 4 23 1 10 1.323865e-06 23 0 10 3.128889e-01 22 1 10 6.871098e-01 23 1 11 -0.000000e+00 
1 -1 10 4 22 1 10 1.767122e-01 22 0 10 1.959267e-01 21 1 10 6.273611e-01 22 1 11 -0.000000e+00 
2 -1 10 4 21 1 10 3.418339e-01 21 0 10 9.055369e-02 20 1 10 5.676124e-01 21 1 11 -0.000000e+00 
3 -1 10 4 19 1 10 5.043396e-01 19 2 10 3.524129e-03 20 1 10 4.921362e-01 19 1 11 -0.000000e+00 
4 -1 10 4 18 1 10 3.615581e-01 18 2 10 8.655694e-02 19 1 10 5.518849e-01 18 1 11 -0.000000e+00 
5 -1 10 4 17 1 10 2.296009e-01 17 2 10 1.587645e-01 18 1 10 6.116346e-01 17 1 11 -0.000000e+00 
6 -1 10 4 16 1 10 1.082895e-01 16 2 10 2.203309e-01 17 1 10 6.713796e-01 16 1 11 -0.000000e+00 
7 -1 10 4 16 1 10 4.597201e-01 15 1 10 2.688717e-01 16 2 10 2.714082e-01 16 1 11 -0.000000e+00 
8 -1 10 4 15 1 10 4.787546e-01 14 1 10 2.091204e-01 15 2 10 3.121250e-01 15 1 11 -0.000000e+00 
9 -1 10 4 14 1 10 5.080517e-01 13 1 10 1.493717e-01 14 2 10 3.425766e-01 14 1 11 -0.000000e+00 
10 -1 10 4 13 1 10 5.475387e-01 12 1 10 8.962302e-02 13 2 10 3.628383e-01 13 1 11 -0.000000e+00 
11 -1 10 4 12 1 10 5.971690e-01 11 1 10 2.987434e-02 12 2 10 3.729566e-01 12 1 11 -0.000000e+00 
12 -1 10 4 11 1 10 5.971690e-01 11 2 10 3.729566e-01 12 1 10 2.987434e-02 11 1 11 -0.000000e+00 
13 -1 10 4 10 1 10 5.475387e-01 10 2 10 3.628383e-01 11 1 10 8.962302e-02 10 1 11 -0.000000e+00 
14 -1 10 4 9 1 10 5.080517e-01 9 2 10 3.425766e-01 10 1 10 1.493717e-01 9 1 11 -0.000000e+00 
15 -1 10 4 8 1 10 4.787546e-01 8 2 10 3.121250e-01 9 1 10 2.091204e-01 8 1 11 -0.000000e+00 
16 -1 10 4 7 1 10 4.597201e-01 7 2 10 2.714082e-01 8 1 10 2.688717e-01 7 1 11 -0.000000e+00 
17 -1 10 4 6 1 10 4.510501e-01 6 2 10 2.203309e-01 7 1 10 3.286190e-01 6 1 11 -0.000000e+00 
18 -1 10 4 5 1 10 4.528696e-01 5 2 10 1.587645e-01 6 1 10 3.883659e-01 5 1 11 -0.000000e+00 
19 -1 10 4 4 1 10 4.653267e-01 4 2 10 8.655694e-02 5 1 10 4.481164e-01 4 1 11 -0.000000e+00 
20 -1 10 4 3 1 10 4.886108e-01 3 2 10 3.524129e-03 4 1 10 5.078651e-01 3 1 11 -0.000000e+00 
21 -1 10 4 3 1 10 4.770580e-01 3 0 10 9.055369e-02 2 1 10 4.323883e-01 3 1 11 -0.000000e+00 
22 -1 10 4 2 1 10 4.314344e-01 2 0 10 1.959267e-01 1 1 10 3.726389e-01 2 1 11 -0.000000e+00 
23 -1 10 4 1 0 10 -0.000000e+00 0 0 10 3.128889e-01 1 1 10 6.871111e-01 1 0 11 -0.000000e+00 
0 -2 7 4 22 1 7 2.515582e-01 21 1 7 3.742196e-01 22 2 7 3.742222e-01 22 1 8 -0.000000e+00 
1 -2 7 4 21 1 7 1.371312e-01 20 1 7 2.547222e-01 21 2 7 6.081465e-01 21 1 8 -0.000000e+00 
2 -2 7 4 20 1 7 4.588251e-02 19 1 7 1.352249e-01 20 2 7 8.188926e-01 20 1 8 -0.000000e+00 
3 -2 7 4 18 2 7 8.679269e-03 18 3 7 7.048248e-03 19 2 7 9.842725e-01 18 2 8 -0.000000e+00 
4 -2 7 4 18 2 7 7.231165e-01 18 3 7 1.731137e-01 19 2 7 1.037698e-01 18 2 8 -0.000000e+00 
5 -2 7 4 17 2 7 4.592021e-01 17 3 7 3.175286e-01 18 2 7 2.232692e-01 17 2 8 -0.000000e+00 
6 -2 7 4 16 2 7 2.165796e-01 16 3 7 4.406611e-01 17 2 7 3.427593e-01 16 2 8 -0.000000e+00 
7 -2 7 4 16 3 7 5.072332e-03 16 2 7 4.571843e-01 15 3 7 5.377434e-01 16 3 8 -0.000000e+00 
8 -2 7 4 15 3 7 2.060085e-01 15 2 7 3.757508e-01 14 3 7 4.182407e-01 15 3 8 -0.000000e+00 
9 -2 7 4 14 2 7 1.610440e-02 13 2 7 2.987434e-01 14 3 7 6.851522e-01 14 2 8 -0.000000e+00 
10 -2 7 4 13 2 7 9.507830e-02 12 2 7 1.792460e-01 13 3 7 7.256757e-01 13 2 8 -0.000000e+00 
11 -2 7 4 12 2 7 1.943391e-01 11 2 7 5.974868e-02 12 3 7 7.459122e-01 12 2 8 -0.000000e+00 
12 -2 7 4 11 2 7 1.943391e-01 11 3 7 7.459122e-01 12 2 7 5.974868e-02 11 2 8 -0.000000e+00 
13 -2 7 4 10 2 7 9.507830e-02 10 3 7 7.256757e-01 11 2 7 1.792460e-01 10 2 8 -0.000000e+00 
14 -2 7 4 9 2 7 1.610440e-02 9 3 7 6.851522e-01 10 2 7 2.987434e-01 9 2 8 -0.000000e+00 
15 -2 7 4 9 3 7 4.248995e-02 9 2 7 3.757508e-01 8 3 7 5.817593e-01 9 3 8 -0.000000e+00 
16 -2 7 4 8 3 7 8.055912e-02 8 2 7 4.571843e-01 7 3 7 4.622566e-01 8 3 8 -0.000000e+00 
17 -2 7 4 7 2 7 2.165770e-01 6 2 7 3.427619e-01 7 3 7 4.406611e-01 7 2 8 -0.000000e+00 
18 -2 7 4 6 2 7 4.592032e-01 5 2 7 2.232682e-01 6 3 7 3.175286e-01 6 2 8 -0.000000e+00 
19 -2 7 4 5 2 7 7.231191e-01 4 2 7 1.037672e-01 5 3 7 1.731137e-01 5 2 8 -0.000000e+00 
20 -2 7 4 4 2 7 9.772216e-01 4 3 7 7.048248e-03 5 2 7 1.573016e-02 4 2 8 -0.000000e+00 
21 -2 7 4 3 1 7 4.588384e-02 3 2 7 8.188926e-01 4 1 7 1.352235e-01 3 1 8 -0.000000e+00 
22 -2 7 4 2 1 7 1.371316e-01 2 2 7 6.081465e-01 3 1 7 2.547219e-01 2 1 8 -0.000000e+00 
23 -2 7 4 1 1 7 2.515555e-01 1 2 7 3.742222e-01 2 1 7 3.742222e-01 1 1 8 -0.000000e+00 
0 -1 7 4 23 1 7 1.323865e-06 23 0 7 3.128889e-01 22 1 7 6.871098e-01 23 1 8 -0.000000e+00 
1 -1 7 4 22 1 7 1.767122e-01 22 0 7 1.959267e-01 21 1 7 6.273611e-01 22 1 8 -0.000000e+00 
2 -1 7 4 21 1 7 3.418339e-01 21 0 7 9.055369e-02 20 1 7 5.676124e-01 21 1 8 -0.000000e+00 
3 -1 7 4 19 1 7 5.043396e-01 19 2 7 3.524129e-03 20 1 7 4.921362e-01 19 1 8 -0.000000e+00 
4 -1 7 4 18 1 7 3.615581e-01 18 2 7 8.655694e-02 19 1 7 5.518849e-01 18 1 8 -0.000000e+00 
5 -1 7 4 17 1 7 2.296009e-01 17 2 7 1.587645e-01 18 1 7 6.116346e-01 17 1 8 -0.000000e+00 
6 -1 7 4 16 1 7 1.082895e-01 16 2 7 2.203309e-01 17 1 7 6.713796e-01 16 1 8 -0.000000e+00 
7 -1 7 4 16 1 7 4.597201e-01 15 1 7 2.688717e-01 16 2 7 2.714082e-01 16 1 8 -0.000000e+00 
8 -1 7 4 15 1 7 4.787546e-01 14 1 7 2.091204e-01 15 2 7 3.121250e-01 15 1 8 -0.000000e+00 
9 -1 7 4 14 1 7 5.080517e-01 13 1 7 1.493717e-01 14 2 7 3.425766e-01 14 1 8 -0.000000e+00 
10 -1 7 4 13 1 7 5.475387e-01 12 1 7 8.962302e-02 13 2 7 3.628383e-01 13 1 8 -0.000000e+00 
11 -1 7 4 12 1 7 5.971690e-01 11 1 7 2.987434e-02 12 2 7 3.729566e-01 12 1 8 -0.000000e+00 
12 -1 7 4 11 1 7 5.971690e-01 11 2 7 3.729566e-01 12 1 7 2.987434e-02 11 1 8 -0.000000e+00 
13 -1 7 4 10 1 7 5.475387e-01 10 2 7 3.628383e-01 11 1 7 8.962302e-02 10 1 8 -0.000000e+00 
14 -1 7 4 9 1 7 5.080517e-01 9 2 7 3.425766e-01 10 1 7 1.493717e-01 9 1 8 -0.000000e+00 
15 -1 7 4 8 1 7 4.787546e-01 8 2 7 3.121250e-01 9 1 7 2.091204e-01 8 1 8 -0.000000e+00 
16 -1 7 4 7 1 7 4.597201e-01 7 2 7 2.714082e-01 8 1 7 2.688717e-01 7 1 8 -0.000000e+00 
17 -1 7 4 6 1 7 4.510501e-01 6 2 7 2.203309e-01 7 1 7 3.286190e-01 6 1 8 -0.000000e+00 
18 -1 7 4 5 1 7 4.528696e-01 5 2 7 1.587645e-01 6 1 7 3.883659e-01 5 1 8 -0.000000e+00 
19 -1 7 4 4 1 7 4.653267e-01 4 2 7 8.655694e-02 5 1 7 4.481164e-01 4 1 8 -0.000000e+00 
20 -1 7 4 3 1 7 4.886108e-01 3 2 7 3.524129e-03 4 1 7 5.078651e-01 3 1 8 -0.000000e+00 
21 -1 7 4 3 1 7 4.770580e-01 3 0 7 9.055369e-02 2 1 7 4.323883e-01 3 1 8 -0.000000e+00 
22 -1 7 4 2 1 7 4.314344e-01 2 0 7 1.959267e-01 1 1 7 3.726389e-01 2 1 8 -0.000000e+00 
23 -1 7 4 1 0 7 -0.000000e+00 0 0 7 3.128889e-01 1 1 7 6.871111e-01 1 0 8 -0.000000e+00 
0 -2 12 4 22 1 12 2.515582e-01 21 1 12 3.742196e-01 22 2 12 3.742222e-01 22 1 13 -0.000000e+00 
1 -2 12 4 21 1 12 1.371312e-01 20 1 12 2.547222e-01 21 2 12 6.081465e-01 21 1 13 -0.000000e+00 
2 -2 12 4 20 1 12 4.588251e-02 19 1 12 1.352249e-01 20 2 12 8.188926e-01 20 1 13 -0.000000e+00 
3 -2 12 4 18 2 12 8.679269e-03 18 3 12 7.048248e-03 19 2 12 9.842725e-01 18 2 13 -0.000000e+00 
4 -2 12 4 18 2 12 7.231165e-01 18 3 12 1.731137e-01 19 2 12 1.037698e-01 18 2 13 -0.000000e+00 
5 -2 12 4 17 2 12 4.592021e-01 17 3 12 3.175286e-01 18 2 12 2.232692e-01 17 2 13 -0.000000e+00 
6 -2 12 4 16 2 12 2.165796e-01 16 3 12 4.406611e-01 17 2 12 3.427593e-01 16 2 13 -0.000000e+00 
7 -2 12 4 16 3 12 5.072332e-03 16 2 12 4.571843e-01 15 3 12 5.377434e-01 16 3 13 -0.000000e+00 
8 -2 12 4 15 3 12 2.060085e-01 15 2 12 3.757508e-01 14 3 12 4.182407e-01 15 3 13 -0.000000e+00 
9 -2 12 4 14 2 12 1.610440e-02 13 2 12 2.987434e-01 14 3 12 6.851522e-01 14 2 13 -0.000000e+00 
10 -2 12 4 13 2 12 9.507830e-02 12 2 12 1.792460e-01 13 3 12 7.256757e-01 13 2 13 -0.000000e+00 
11 -2 12 4 12 2 12 1.943391e-01 11 2 12 5.974868e-02 12 3 12 7.459122e-01 12 2 13 -0.000000e+00 
12 -2 12 4 11 2 12 1.943391e-01 11 3 12 7.459122e-01 12 2 12 5.974868e-02 11 2 13 -0.000000e+00 
13 -2 12 4 10 2 12 9.507830e-02 10 3 12 7.256757e-01 11 2 12 1.792460e-01 10 2 13 -0.000000e+00 
14 -2 12 4 9 2 12 1.610440e-02 9 3 12 6.851522e-01 10 2 12 2.987434e-01 9 2 13 -0.000000e+00 
15 -2 12 4 9 3 12 4.248995e-02 9 2 12 3.757508e-01 8 3 12 5.817593e-01 9 3 13 -0.000000e+00 
16 -2 12 4 8 3 12 8.055912e-02 8 2 12 4.571843e-01 7 3 12 4.622566e-01 8 3 13 -0.000000e+00 
17 -2 12 4 7 2 12 2.165770e-01 6 2 12 3.427619e-01 7 3 12 4.406611e-01 7 2 13 -0.000000e+00 
18 -2 12 4 6 2 12 4.592032e-01 5 2 12 2.232682e-01 6 3 12 3.175286e-01 6 2 13 -0.000000e+00 
19 -2 12 4 5 2 12 7.231191e-01 4 2 12 1.037672e-01 5 3 12 1.731137e-01 5 2 13 -0.000000e+00 
20 -2 12 4 4 2 12 9.772216e-01 4 3 12 7.048248e-03 5 2 12 1.573016e-02 4 2 13 -0.000000e+00 
21 -2 12 4 3 1 12 4.588384e-02 3 2 12 8.188926e-01 4 1 12 1.352235e-01 3 1 13 -0.000000e+00 
22 -2 12 4 2 1 12 1.371316e-01 2 2 12 6.081465e-01 3 1 12 2.547219e-01 2 1 13 -0.000000e+00 
23 -2 12 4 1 1 12 2.515555e-01 1 2 12 3.742222e-01 2 1 12 3.742222e-01 1 1 13 -0.000000e+00 
0 -1 12 4 23 1 12 1.323865e-06 23 0 12 3.128889e-01 22 1 12 6.871098e-01 23 1 13 -0.000000e+00 
1 -1 12 4 22 1 12 1.767122e-01 22 0 12 1.959267e-01 21 1 12 6.273611e-01 22 1 13 -0.000000e+00 
2 -1 12 4 21 1 12 3.418339e-01 21 0 12 9.055369e-02 20 1 12 5.676124e-01 21 1 13 -0.000000e+00 
3 -1 12 4 19 1 12 5.043396e-01 19 2 12 3.524129e-03 20 1 12 4.921362e-01 19 1 13 -0.000000e+00 
4 -1 12 4 18 1 12 3.615581e-01 18 2 12 8.655694e-02 19 1 12 5.518849e-01 18 1 13 -0.000000e+00 
5 -1 12 4 17 1 12 2.296009e-01 17 2 12 1.587645e-01 18 1 12 6.116346e-01 17 1 13 -0.000000e+00 
6 -1 12 4 16 1 12 1.082895e-01 16 2 12 2.203309e-01 17 1 12 6.713796e-01 16 1 13 -0.000000e+00 
7 -1 12 4 16 1 12 4.597201e-01 15 1 12 2.688717e-01 16 2 12 2.714082e-01 16 1 13 -0.000000e+00 
8 -1 12 4 15 1 12 4.787546e-01 14 1 12 2.091204e-01 15 2 12 3.121250e-01 15 1 13 -0.000000e+00 
9 -1 12 4 14 1 12 5.080517e-01 13 1 12 1.493717e-01 14 2 12 3.425766e-01 14 1 13 -0.000000e+00 
10 -1 12 4 13 1 12 5.475387e-01 12 1 12 8.962302e-02 13 2 12 3.628383e-01 13 1 13 -0.000000e+00 
11 -1 12 4 12 1 12 5.971690e-01 11 1 12 2.987434e-02 12 2 12 3.729566e-01 12 1 13 -0.000000e+00 
12 -1 12 4 11 1 12 5.971690e-01 11 2 12 3.729566e-01 12 1 12 2.987434e-02 11 1 13 -0.000000e+00 
13 -1 12 4 10 1 12 5.475387e-01 10 2 12 3.628383e-01 11 1 12 8.962302e-02 10 1 13 -0.000000e+00 
14 -1 12 4 9 1 12 5.080517e-01 9 2 12 3.425766e-01 10 1 12 1.493717e-01 9 1 13 -0.000000e+00 
15 -1 12 4 8 1 12 4.787546e-01 8 2 12 3.121250e-01 9 1 12 2.091204e-01 8 1 13 -0.000000e+00 
16 -1 12 4 7 1 12 4.597201e-01 7 2 12 2.714082e-01 8 1 12 2.688717e-01 7 1 13 -0.000000e+00 
17 -1 12 4 6 1 12 4.510501e-01 6 2 12 2.203309e-01 7 1 12 3.286190e-01 6 1 13 -0.000000e+00 
18 -1 12 4 5 1 12 4.528696e-01 5 2 12 1.587645e-01 6 1 12 3.883659e-01 5 1 13 -0.000000e+00 
19 -1 12 4 4 1 12 4.653267e-01 4 2 12 8.655694e-02 5 1 12 4.481164e-01 4 1 13 -0.000000e+00 
20 -1 12 4 3 1 12 4.886108e-01 3 2 12 3.524129e-03 4 1 12 5.078651e-01 3 1 13 -0.000000e+00 
21 -1 12 4 3 1 12 4.770580e-01 3 0 12 9.055369e-02 2 1 12 4.323883e-01 3 1 13 -0.000000e+00 
22 -1 12 4 2 1 12 4.314344e-01 2 0 12 1.959267e-01 1 1 12 3.726389e-01 2 1 13 -0.000000e+00 
23 -1 12 4 1 0 12 -0.000000e+00 0 0 12 3.128889e-01 1 1 12 6.871111e-01 1 0 13 -0.000000e+00 
0 -2 6 4 22 1 6 2.515582e-01 21 1 6 3.742196e-01 22 2 6 3.742222e-01 22 1 7 -0.000000e+00 
1 -2 6 4 21 1 6 1.371312e-01 20 1 6 2.547222e-01 21 2 6 6.081465e-01 21 1 7 -0.000000e+00 
2 -2 6 4 20 1 6 4.588251e-02 19 1 6 1.352249e-01 20 2 6 8.188926e-01 20 1 7 -0.000000e+00 
3 -2 6 4 18 2 6 8.679269e-03 18 3 6 7.048248e-03 19 2 6 9.842725e-01 18 2 7 -0.000000e+00 
4 -2 6 4 18 2 6 7.231165e-01 18 3 6 1.731137e-01 19 2 6 1.037698e-01 18 2 7 -0.000000e+00 
5 -2 6 4 17 2 6 4.592021e-01 17 3 6 3.175286e-01 18 2 6 2.232692e-01 17 2 7 -0.000000e+00 
6 -2 6 4 16 2 6 2.165796e-01 16 3 6 4.406611e-01 17 2 6 3.427593e-01 16 2 7 -0.000000e+00 
7 -2 6 4 16 3 6 5.072332e-03 16 2 6 4.571843e-01 15 3 6 5.377434e-01 16 3 7 -0.000000e+00 
8 -2 6 4 15 3 6 2.060085e-01 15 2 6 3.757508e-01 14 3 6 4.182407e-01 15 3 7 -0.000000e+00 
9 -2 6 4 14 2 6 1.610440e-02 13 2 6 2.987434e-01 14 3 6 6.851522e-01 14 2 7 -0.000000e+00 
10 -2 6 4 13 2 6 9.507830e-02 12 2 6 1.792460e-01 13 3 6 7.256757e-01 13 2 7 -0.000000e+00 
11 -2 6 4 12 2 6 1.943391e-01 11 2 6 5.974868e-02 12 3 6 7.459122e-01 12 2 7 -0.000000e+00 
12 -2 6 4 11 2 6 1.943391e-01 11 3 6 7.459122e-01 12 2 6 5.974868e-02 11 2 7 -0.000000e+00 
13 -2 6 4 10 2 6 9.507830e-02 10 3 6 7.256757e-01 11 2 6 1.792460e-01 10 2 7 -0.000000e+00 
14 -2 6 4 9 2 6 1.610440e-02 9 3 6 6.851522e-01 10 2 6 2.987434e-01 9 2 7 -0.000000e+00 
15 -2 6 4 9 3 6 4.248995e-02 9 2 6 3.757508e-01 8 3 6 5.817593e-01 9 3 7 -0.000000e+00 
16 -2 6 4 8 3 6 8.055912e-02 8 2 6 4.571843e-01 7 3 6 4.622566e-01 8 3 7 -0.000000e+00 
17 -2 6 4 7 2 6 2.165770e-01 6 2 6 3.427619e-01 7 3 6 4.406611e-01 7 2 7 -0.000000e+00 
18 -2 6 4 6 2 6 4.592032e-01 5 2 6 2.232682e-01 6 3 6 3.175286e-01 6 2 7 -0.000000e+00 
19 -2 6 4 5 2 6 7.231191e-01 4 2 6 1.037672e-01 5 3 6 1.731137e-01 5 2 7 -0.000000e+00 
20 -2 6 4 4 2 6 9.772216e-01 4 3 6 7.048248e-03 5 2 6 1.573016e-02 4 2 7 -0.000000e+00 
21 -2 6 4 3 1 6 4.588384e-02 3 2 6 8.188926e-01 4 1 6 1.352235e-01 3 1 7 -0.000000e+00 
22 -2 6 4 2 1 6 1.371316e-01 2 2 6 6.081465e-01 3 1 6 2.547219e-01 2 1 7 -0.000000e+00 
23 -2 6 4 1 1 6 2.515555e-01 1 2 6 3.742222e-01 2 1 6 3.742222e-01 1 1 7 -0.000000e+00 
0 -1 6 4 23 1 6 1.323865e-06 23 0 6 3.128889e-01 22 1 6 6.871098e-01 23 1 7 -0.000000e+00 
1 -1 6 4 22 1 6 1.767122e-01 22 0 6 1.959267e-01 21 1 6 6.273611e-01 22 1 7 -0.000000e+00 
2 -1 6 4 21 1 6 3.418339e-01 21 0 6 9.055369e-02 20 1 6 5.676124e-01 21 1 7 -0.000000e+00 
3 -1 6 4 19 1 6 5.043396e-01 19 2 6 3.524129e-03 20 1 6 4.921362e-01 19 1 7 -0.000000e+00 
4 -1 6 4 18 1 6 3.615581e-01 18 2 6 8.655694e-02 19 1 6 5.518849e-01 18 1 7 -0.000000e+00 
5 -1 6 4 17 1 6 2.296009e-01 17 2 6 1.587645e-01 18 1 6 6.116346e-01 17 1 7 -0.000000e+00 
6 -1 6 4 16 1 6 1.082895e-01 16 2 6 2.203309e-01 17 1 6 6.713796e-01 16 1 7 -0.000000e+00 
7 -1 6 4 16 1 6 4.597201e-01 15 1 6 2.688717e-01 16 2 6 2.714082e-01 16 1 7 -0.000000e+00 
8 -1 6 4 15 1 6 4.787546e-01 14 1 6 2.091204e-01 15 2 6 3.121250e-01 15 1 7 -0.000000e+00 
9 -1 6 4 14 1 6 5.080517e-01 13 1 6 1.493717e-01 14 2 6 3.425766e-01 14 1 7 -0.000000e+00 
10 -1 6 4 13 1 6 5.475387e-01 12 1 6 8.962302e-02 13 2 6 3.628383e-01 13 1 7 -0.000000e+00 
11 -1 6 4 12 1 6 5.971690e-01 11 1 6 2.987434e-02 12 2 6 3.729566e-01 12 1 7 -0.000000e+00 
12 -1 6 4 11 1 6 5.971690e-01 11 2 6 3.729566e-01 12 1 6 2.987434e-02 11 1 7 -0.000000e+00 
13 -1 6 4 10 1 6 5.475387e-01 10 2 6 3.628383e-01 11 1 6 8.962302e-02 10 1 7 -0.000000e+00 
14 -1 6 4 9 1 6 5.080517e-01 9 2 6 3.425766e-01 10 1 6 1.493717e-01 9 1 7 -0.000000e+00 
15 -1 6 4 8 1 6 4.787546e-01 8 2 6 3.121250e-01 9 1 6 2.091204e-01 8 1 7 -0.000000e+00 
16 -1 6 4 7 1 6 4.597201e-01 7 2 6 2.714082e-01 8 1 6 2.688717e-01 7 1 7 -0.000000e+00 
17 -1 6 4 6 1 6 4.510501e-01 6 2 6 2.203309e-01 7 1 6 3.286190e-01 6 1 7 -0.000000e+00 
18 -1 6 4 5 1 6 4.528696e-01 5 2 6 1.587645e-01 6 1 6 3.883659e-01 5 1 7 -0.000000e+00 
19 -1 6 4 4 1 6 4.653267e-01 4 2 6 8.655694e-02 5 1 6 4.481164e-01 4 1 7 -0.000000e+00 
20 -1 6 4 3 1 6 4.886108e-01 3 2 6 3.524129e-03 4 1 6 5.078651e-01 3 1 7 -0.000000e+00 
21 -1 6 4 3 1 6 4.770580e-01 3 0 6 9.055369e-02 2 1 6 4.323883e-01 3 1 7 -0.000000e+00 
22 -1 6 4 2 1 6 4.314344e-01 2 0 6 1.959267e-01 1 1 6 3.726389e-01 2 1 7 -0.000000e+00 
23 -1 6 4 1 0 6 -0.000000e+00 0 0 6 3.128889e-01 1 1 6 6.871111e-01 1 0 7 -0.000000e+00 
0 -2 4 4 22 1 4 2.515582e-01 21 1 4 3.742196e-01 22 2 4 3.742222e-01 22 1 5 -0.000000e+00 
1 -2 4 4 21 1 4 1.371312e-01 20 1 4 2.547222e-01 21 2 4 6.081465e-01 21 1 5 -0.000000e+00 
2 -2 4 4 20 1 4 4.588251e-02 19 1 4 1.352249e-01 20 2 4 8.188926e-01 20 1 5 -0.000000e+00 
3 -2 4 4 18 2 4 8.679269e-03 18 3 4 7.048248e-03 19 2 4 9.842725e-01 18 2 5 -0.000000e+00 
4 -2 4 4 18 2 4 7.231165e-01 18 3 4 1.731137e-01 19 2 4 1.037698e-01 18 2 5 -0.000000e+00 
5 -2 4 4 17 2 4 4.592021e-01 17 3 4 3.175286e-01 18 2 4 2.232692e-01 17 2 5 -0.000000e+00 
6 -2 4 4 16 2 4 2.165796e-01 16 3 4 4.406611e-01 17 2 4 3.427593e-01 16 2 5 -0.000000e+00 
7 -2 4 4 16 3 4 5.072332e-03 16 2 4 4.571843e-01 15 3 4 5.377434e-01 16 3 5 -0.000000e+00 
8 -2 4 4 15 3 4 2.060085e-01 15 2 4 3.757508e-01 14 3 4 4.182407e-01 15 3 5 -0.000000e+00 
9 -2 4 4 14 2 4 1.610440e-02 13 2 4 2.987434e-01 14 3 4 6.851522e-01 14 2 5 -0.000000e+00 
10 -2 4 4 13 2 4 9.507830e-02 12 2 4 1.792460e-01 13 3 4 7.256757e-01 13 2 5 -0.000000e+00 
11 -2 4 4 12 2 4 1.943391e-01 11 2 4 5.974868e-02 12 3 4 7.459122e-01 12 2 5 -0.000000e+00 
12 -2 4 4 11 2 4 1.943391e-01 11 3 4 7.459122e-01 12 2 4 5.974868e-02 11 2 5 -0.000000e+00 
13 -2 4 4 10 2 4 9.507830e-02 10 3 4 7.256757e-01 11 2 4 1.792460e-01 10 2 5 -0.000000e+00 
14 -2 4 4 9 2 4 1.610440e-02 9 3 4 6.851522e-01 10 2 4 2.987434e-01 9 2 5 -0.000000e+00 
15 -2 4 4 9 3 4 4.248995e-02 9 2 4 3.757508e-01 8 3 4 5.817593e-01 9 3 5 -0.000000e+00 
16 -2 4 4 8 3 4 8.055912e-02 8 2 4 4.571843e-01 7 3 4 4.622566e-01 8 3 5 -0.000000e+00 
17 -2 4 4 7 2 4 2.165770e-01 6 2 4 3.427619e-01 7 3 4 4.406611e-01 7 2 5 -0.000000e+00 
18 -2 4 4 6 2 4 4.592032e-01 5 2 4 2.232682e-01 6 3 4 3.175286e-01 6 2 5 -0.000000e+00 
19 -2 4 4 5 2 4 7.231191e-01 4 2 4 1.037672e-01 5 3 4 1.731137e-01 5 2 5 -0.000000e+00 
20 -2 4 4 4 2 4 9.772216e-01 4 3 4 7.048248e-03 5 2 4 1.573016e-02 4 2 5 -0.000000e+00 
21 -2 4 4 3 1 4 4.588384e-02 3 2 4 8.188926e-01 4 1 4 1.352235e-01 3 1 5 -0.000000e+00 
22 -2 4 4 2 1 4 1.371316e-01 2 2 4 6.081465e-01 3 1 4 2.547219e-01 2 1 5 -0.000000e+00 
23 -2 4 4 1 1 4 2.515555e-01 1 2 4 3.742222e-01 2 1 4 3.742222e-01 1 1 5 -0.000000e+00 
0 -1 4 4 23 1 4 1.323865e-06 23 0 4 3.128889e-01 22 1 4 6.871098e-01 23 1 5 -0.000000e+00 
1 -1 4 4 22 1 4 1.767122e-01 22 0 4 1.959267e-01 21 1 4 6.273611e-01 22 1 5 -0.000000e+00 
2 -1 4 4 21 1 4 3.418339e-01 21 0 4 9.055369e-02 20 1 4 5.676124e-01 21 1 5 -0.000000e+00 
3 -1 4 4 19 1 4 5.043396e-01 19 2 4 3.524129e-03 20 1 4 4.921362e-01 19 1 5 -0.000000e+00 
4 -1 4 4 18 1 4 3.615581e-01 18 2 4 8.655694e-02 19 1 4 5.518849e-01 18 1 5 -0.000000e+00 
5 -1 4 4 17 1 4 2.296009e-01 17 2 4 1.587645e-01 18 1 4 6.116346e-01 17 1 5 -0.000000e+00 
6 -1 4 4 16 1 4 1.082895e-01 16 2 4 2.203309e-01 17 1 4 6.713796e-01 16 1 5 -0.000000e+00 
7 -1 4 4 16 1 4 4.597201e-01 15 1 4 2.688717e-01 16 2 4 2.714082e-01 16 1 5 -0.000000e+00 
8 -1 4 4 15 1 4 4.787546e-01 14 1 4 2.091204e-01 15 2 4 3.121250e-01 15 1 5 -0.000000e+00 
9 -1 4 4 14 1 4 5.080517e-01 13 1 4 1.493717e-01 14 2 4 3.425766e-01 14 1 5 -0.000000e+00 
10 -1 4 4 13 1 4 5.475387e-01 12 1 4 8.962302e-02 13 2 4 3.628383e-01 13 1 5 -0.000000e+00 
11 -1 4 4 12 1 4 5.971690e-01 11 1 4 2.987434e-02 12 2 4 3.729566e-01 12 1 5 -0.000000e+00 
12 -1 4 4 11 1 4 5.971690e-01 11 2 4 3.729566e-01 12 1 4 2.987434e-02 11 1 5 -0.000000e+00 
13 -1 4 4 10 1 4 5.475387e-01 10 2 4 3.628383e-01 11 1 4 8.962302e-02 10 1 5 -0.000000e+00 
14 -1 4 4 9 1 4 5.080517e-01 9 2 4 3.425766e-01 10 1 4 1.493717e-01 9 1 5 -0.000000e+00 
15 -1 4 4 8 1 4 4.787546e-01 8 2 4 3.121250e-01 9 1 4 2.091204e-01 8 1 5 -0.000000e+00 
16 -1 4 4 7 1 4 4.597201e-01 7 2 4 2.714082e-01 8 1 4 2.688717e-01 7 1 5 -0.000000e+00 
17 -1 4 4 6 1 4 4.510501e-01 6 2 4 2.203309e-01 7 1 4 3.286190e-01 6 1 5 -0.000000e+00 
18 -1 4 4 5 1 4 4.528696e-01 5 2 4 1.587645e-01 6 1 4 3.883659e-01 5 1 5 -0.000000e+00 
19 -1 4 4 4 1 4 4.653267e-01 4 2 4 8.655694e-02 5 1 4 4.481164e-01 4 1 5 -0.000000e+00 
20 -1 4 4 3 1 4 4.886108e-01 3 2 4 3.524129e-03 4 1 4 5.078651e-01 3 1 5 -0.000000e+00 
21 -1 4 4 3 1 4 4.770580e-01 3 0 4 9.055369e-02 2 1 4 4.323883e-01 3 1 5 -0.000000e+00 
22 -1 4 4 2 1 4 4.314344e-01 2 0 4 1.959267e-01 1 1 4 3.726389e-01 2 1 5 -0.000000e+00 
23 -1 4 4 1 0 4 -0.000000e+00 0 0 4 3.128889e-01 1 1 4 6.871111e-01 1 0 5 -0.000000e+00 
0 -2 5 4 22 1 5 2.515582e-01 21 1 5 3.742196e-01 22 2 5 3.742222e-01 22 1 6 -0.000000e+00 
1 -2 5 4 21 1 5 1.371312e-01 20 1 5 2.547222e-01 21 2 5 6.081465e-01 21 1 6 -0.000000e+00 
2 -2 5 4 20 1 5 4.588251e-02 19 1 5 1.352249e-01 20 2 5 8.188926e-01 20 1 6 -0.000000e+00 
3 -2 5 4 18 2 5 8.679269e-03 18 3 5 7.048248e-03 19 2 5 9.842725e-01 18 2 6 -0.000000e+00 
4 -2 5 4 18 2 5 7.231165e-01 18 3 5 1.731137e-01 19 2 5 1.037698e-01 18 2 6 -0.000000e+00 
5 -2 5 4 17 2 5 4.592021e-01 17 3 5 3.175286e-01 18 2 5 2.232692e-01 17 2 6 -0.000000e+00 
6 -2 5 4 16 2 5 2.165796e-01 16 3 5 4.406611e-01 17 2 5 3.427593e-01 16 2 6 -0.000000e+00 
7 -2 5 4 16 3 5 5.072332e-03 16 2 5 4.571843e-01 15 3 5 5.377434e-01 16 3 6 -0.000000e+00 
8 -2 5 4 15 3 5 2.060085e-01 15 2 5 3.757508e-01 14 3 5 4.182407e-01 15 3 6 -0.000000e+00 
9 -2 5 4 14 2 5 1.610440e-02 13 2 5 2.987434e-01 14 3 5 6.851522e-01 14 2 6 -0.000000e+00 
10 -2 5 4 13 2 5 9.507830e-02 12 2 5 1.792460e-01 13 3 5 7.256757e-01 13 2 6 -0.000000e+00 
11 -2 5 4 12 2 5 1.943391e-01 11 2 5 5.974868e-02 12 3 5 7.459122e-01 12 2 6 -0.000000e+00 
12 -2 5 4 11 2 5 1.943391e-01 11 3 5 7.459122e-01 12 2 5 5.974868e-02 11 2 6 -0.000000e+00 
13 -2 5 4 10 2 5 9.507830e-02 10 3 5 7.256757e-01 11 2 5 1.792460e-01 10 2 6 -0.000000e+00 
14 -2 5 4 9 2 5 1.610440e-02 9 3 5 6.851522e-01 10 2 5 2.987434e-01 9 2 6 -0.000000e+00 
15 -2 5 4 9 3 5 4.248995e-02 9 2 5 3.757508e-01 8 3 5 5.817593e-01 9 3 6 -0.000000e+00 
16 -2 5 4 8 3 5 8.055912e-02 8 2 5 4.571843e-01 7 3 5 4.622566e-01 8 3 6 -0.000000e+00 
17 -2 5 4 7 2 5 2.165770e-01 6 2 5 3.427619e-01 7 3 5 4.406611e-01 7 2 6 -0.000000e+00 
18 -2 5 4 6 2 5 4.592032e-01 5 2 5 2.232682e-01 6 3 5 3.175286e-01 6 2 6 -0.000000e+00 
19 -2 5 4 5 2 5 7.231191e-01 4 2 5 1.037672e-01 5 3 5 1.731137e-01 5 2 6 -0.000000e+00 
20 -2 5 4 4 2 5 9.772216e-01 4 3 5 7.048248e-03 5 2 5 1.573016e-02 4 2 6 -0.000000e+00 
21 -2 5 4 3 1 5 4.588384e-02 3 2 5 8.188926e-01 4 1 5 1.352235e-01 3 1 6 -0.000000e+00 
22 -2 5 4 2 1 5 1.371316e-01 2 2 5 6.081465e-01 3 1 5 2.547219e-01 2 1 6 -0.000000e+00 
23 -2 5 4 1 1 5 2.515555e-01 1 2 5 3.742222e-01 2 1 5 3.742222e-01 1 1 6 -0.000000e+00 
0 -1 5 4 23 1 5 1.323865e-06 23 0 5 3.128889e-01 22 1 5 6.871098e-01 23 1 6 -0.000000e+00 
1 -1 5 4 22 1 5 1.767122e-01 22 0 5 1.959267e-01 21 1 5 6.273611e-01 22 1 6 -0.000000e+00 
2 -1 5 4 21 1 5 3.418339e-01 21 0 5 9.055369e-02 20 1 5 5.676124e-01 21 1 6 -0.000000e+00 
3 -1 5 4 19 1 5 5.043396e-01 19 2 5 3.524129e-03 20 1 5 4.921362e-01 19 1 6 -0.000000e+00 
4 -1 5 4 18 1 5 3.615581e-01 18 2 5 8.655694e-02 19 1 5 5.518849e-01 18 1 6 -0.000000e+00 
5 -1 5 4 17 1 5 2.296009e-01 17 2 5 1.587645e-01 18 1 5 6.116346e-01 17 1 6 -0.000000e+00 
6 -1 5 4 16 1 5 1.082895e-01 16 2 5 2.203309e-01 17 1 5 6.713796e-01 16 1 6 -0.000000e+00 
7 -1 5 4 16 1 5 4.597201e-01 15 1 5 2.688717e-01 16 2 5 2.714082e-01 16 1 6 -0.000000e+00 
8 -1 5 4 15 1 5 4.787546e-01 14 1 5 2.091204e-01 15 2 5 3.121250e-01 15 1 6 -0.000000e+00 
9 -1 5 4 14 1 5 5.080517e-01 13 1 5 1.493717e-01 14 2 5 3.425766e-01 14 1 6 -0.000000e+00 
10 -1 5 4 13 1 5 5.475387e-01 12 1 5 8.962302e-02 13 2 5 3.628383e-01 13 1 6 -0.000000e+00 
11 -1 5 4 12 1 5 5.971690e-01 11 1 5 2.987434e-02 12 2 5 3.729566e-01 12 1 6 -0.000000e+00 
12 -1 5 4 11 1 5 5.971690e-01 11 2 5 3.729566e-01 12 1 5 2.987434e-02 11 1 6 -0.000000e+00 
13 -1 5 4 10 1 5 5.475387e-01 10 2 5 3.628383e-01 11 1 5 8.962302e-02 10 1 6 -0.000000e+00 
14 -1 5 4 9 1 5 5.080517e-01 9 2 5 3.425766e-01 10 1 5 1.493717e-01 9 1 6 -0.000000e+00 
15 -1 5 4 8 1 5 4.787546e-01 8 2 5 3.121250e-01 9 1 5 2.091204e-01 8 1 6 -0.000000e+00 
16 -1 5 4 7 1 5 4.597201e-01 7 2 5 2.714082e-01 8 1 5 2.688717e-01 7 1 6 -0.000000e+00 
17 -1 5 4 6 1 5 4.510501e-01 6 2 5 2.203309e-01 7 1 5 3.286190e-01 6 1 6 -0.000000e+00 
18 -1 5 4 5 1 5 4.528696e-01 5 2 5 1.587645e-01 6 1 5 3.883659e-01 5 1 6 -0.000000e+00 
19 -1 5 4 4 1 5 4.653267e-01 4 2 5 8.655694e-02 5 1 5 4.481164e-01 4 1 6 -0.000000e+00 
20 -1 5 4 3 1 5 4.886108e-01 3 2 5 3.524129e-03 4 1 5 5.078651e-01 3 1 6 -0.000000e+00 
21 -1 5 4 3 1 5 4.770580e-01 3 0 5 9.055369e-02 2 1 5 4.323883e-01 3 1 6 -0.000000e+00 
22 -1 5 4 2 1 5 4.314344e-01 2 0 5 1.959267e-01 1 1 5 3.726389e-01 2 1 6 -0.000000e+00 
23 -1 5 4 1 0 5 -0.000000e+00 0 0 5 3.128889e-01 1 1 5 6.871111e-01 1 0 6 -0.000000e+00 
0 -2 8 4 22 1 8 2.515582e-01 21 1 8 3.742196e-01 22 2 8 3.742222e-01 22 1 9 -0.000000e+00 
1 -2 8 4 21 1 8 1.371312e-01 20 1 8 2.547222e-01 21 2 8 6.081465e-01 21 1 9 -0.000000e+00 
2 -2 8 4 20 1 8 4.588251e-02 19 1 8 1.352249e-01 20 2 8 8.188926e-01 20 1 9 -0.000000e+00 
3 -2 8 4 18 2 8 8.679269e-03 18 3 8 7.048248e-03 19 2 8 9.842725e-01 18 2 9 -0.000000e+00 
4 -2 8 4 18 2 8 7.231165e-01 18 3 8 1.731137e-01 19 2 8 1.037698e-01 18 2 9 -0.000000e+00 
5 -2 8 4 17 2 8 4.592021e-01 17 3 8 3.175286e-01 18 2 8 2.232692e-01 17 2 9 -0.000000e+00 
6 -2 8 4 16 2 8 2.165796e-01 16 3 8 4.406611e-01 17 2 8 3.427593e-01 16 2 9 -0.000000e+00 
7 -2 8 4 16 3 8 5.072332e-03 16 2 8 4.571843e-01 15 3 8 5.377434e-01 16 3 9 -0.000000e+00 
8 -2 8 4 15 3 8 2.060085e-01 15 2 8 3.757508e-01 14 3 8 4.182407e-01 15 3 9 -0.000000e+00 
9 -2 8 4 14 2 8 1.610440e-02 13 2 8 2.987434e-01 14 3 8 6.851522e-01 14 2 9 -0.000000e+00 
10 -2 8 4 13 2 8 9.507830e-02 12 2 8 1.792460e-01 13 3 8 7.256757e-01 13 2 9 -0.000000e+00 
11 -2 8 4 12 2 8 1.943391e-01 11 2 8 5.974868e-02 12 3 8 7.459122e-01 12 2 9 -0.000000e+00 
12 -2 8 4 11 2 8 1.943391e-01 11 3 8 7.459122e-01 12 2 8 5.974868e-02 11 2 9 -0.000000e+00 
13 -2 8 4 10 2 8 9.507830e-02 10 3 8 7.256757e-01 11 2 8 1.792460e-01 10 2 9 -0.000000e+00 
14 -2 8 4 9 2 8 1.610440e-02 9 3 8 6.851522e-01 10 2 8 2.987434e-01 9 2 9 -0.000000e+00 
15 -2 8 4 9 3 8 4.248995e-02 9 2 8 3.757508e-01 8 3 8 5.817593e-01 9 3 9 -0.000000e+00 
16 -2 8 4 8 3 8 8.055912e-02 8 2 8 4.571843e-01 7 3 8 4.622566e-01 8 3 9 -0.000000e+00 
17 -2 8 4 7 2 8 2.165770e-01 6 2 8 3.427619e-01 7 3 8 4.406611e-01 7 2 9 -0.000000e+00 
18 -2 8 4 6 2 8 4.592032e-01 5 2 8 2.232682e-01 6 3 8 3.175286e-01 6 2 9 -0.000000e+00 
19 -2 8 4 5 2 8 7.231191e-01 4 2 8 1.037672e-01 5 3 8 1.731137e-01 5 2 9 -0.000000e+00 
20 -2 8 4 4 2 8 9.772216e-01 4 3 8 7.048248e-03 5 2 8 1.573016e-02 4 2 9 -0.000000e+00 
21 -2 8 4 3 1 8 4.588384e-02 3 2 8 8.188926e-01 4 1 8 1.352235e-01 3 1 9 -0.000000e+00 
22 -2 8 4 2 1 8 1.371316e-01 2 2 8 6.081465e-01 3 1 8 2.547219e-01 2 1 9 -0.000000e+00 
23 -2 8 4 1 1 8 2.515555e-01 1 2 8 3.742222e-01 2 1 8 3.742222e-01 1 1 9 -0.000000e+00 
0 -1 8 4 23 1 8 1.323865e-06 23 0 8 3.128889e-01 22 1 8 6.871098e-01 23 1 9 -0.000000e+00 
1 -1 8 4 22 1 8 1.767122e-01 22 0 8 1.959267e-01 21 1 8 6.273611e-01 22 1 9 -0.000000e+00 
2 -1 8 4 21 1 8 3.418339e-01 21 0 8 9.055369e-02 20 1 8 5.676124e-01 21 1 9 -0.000000e+00 
3 -1 8 4 19 1 8 5.043396e-01 19 2 8 3.524129e-03 20 1 8 4.921362e-01 19 1 9 -0.000000e+00 
4 -1 8 4 18 1 8 3.615581e-01 18 2 8 8.655694e-02 19 1 8 5.518849e-01 18 1 9 -0.000000e+00 
5 -1 8 4 17 1 8 2.296009e-01 17 2 8 1.587645e-01 18 1 8 6.116346e-01 17 1 9 -0.000000e+00 
6 -1 8 4 16 1 8 1.082895e-01 16 2 8 2.203309e-01 17 1 8 6.713796e-01 16 1 9 -0.000000e+00 
7 -1 8 4 16 1 8 4.597201e-01 15 1 8 2.688717e-01 16 2 8 2.714082e-01 16 1 9 -0.000000e+00 
8 -1 8 4 15 1 8 4.787546e-01 14 1 8 2.091204e-01 15 2 8 3.121250e-01 15 1 9 -0.000000e+00 
9 -1 8 4 14 1 8 5.080517e-01 13 1 8 1.493717e-01 14 2 8 3.425766e-01 14 1 9 -0.000000e+00 
10 -1 8 4 13 1 8 5.475387e-01 12 1 8 8.962302e-02 13 2 8 3.628383e-01 13 1 9 -0.000000e+00 
11 -1 8 4 12 1 8 5.971690e-01 11 1 8 2.987434e-02 12 2 8 3.729566e-01 12 1 9 -0.000000e+00 
12 -1 8 4 11 1 8 5.971690e-01 11 2 8 3.729566e-01 12 1 8 2.987434e-02 11 1 9 -0.000000e+00 
13 -1 8 4 10 1 8 5.475387e-01 10 2 8 3.628383e-01 11 1 8 8.962302e-02 10 1 9 -0.000000e+00 
14 -1 8 4 9 1 8 5.080517e-01 9 2 8 3.425766e-01 10 1 8 1.493717e-01 9 1 9 -0.000000e+00 
15 -1 8 4 8 1 8 4.787546e-01 8 2 8 3.121250e-01 9 1 8 2.091204e-01 8 1 9 -0.000000e+00 
16 -1 8 4 7 1 8 4.597201e-01 7 2 8 2.714082e-01 8 1 8 2.688717e-01 7 1 9 -0.000000e+00 
17 -1 8 4 6 1 8 4.510501e-01 6 2 8 2.203309e-01 7 1 8 3.286190e-01 6 1 9 -0.000000e+00 
18 -1 8 4 5 1 8 4.528696e-01 5 2 8 1.587645e-01 6 1 8 3.883659e-01 5 1 9 -0.000000e+00 
19 -1 8 4 4 1 8 4.653267e-01 4 2 8 8.655694e-02 5 1 8 4.481164e-01 4 1 9 -0.000000e+00 
20 -1 8 4 3 1 8 4.886108e-01 3 2 8 3.524129e-03 4 1 8 5.078651e-01 3 1 9 -0.000000e+00 
21 -1 8 4 3 1 8 4.770580e-01 3 0 8 9.055369e-02 2 1 8 4.323883e-01 3 1 9 -0.000000e+00 
22 -1 8 4 2 1 8 4.314344e-01 2 0 8 1.959267e-01 1 1 8 3.726389e-01 2 1 9 -0.000000e+00 
23 -1 8 4 1 0 8 -0.000000e+00 0 0 8 3.128889e-01 1 1 8 6.871111e-01 1 0 9 -0.000000e+00 
0 -2 11 4 22 1 11 2.515582e-01 21 1 11 3.742196e-01 22 2 11 3.742222e-01 22 1 12 -0.000000e+00 
1 -2 11 4 21 1 11 1.371312e-01 20 1 11 2.547222e-01 21 2 11 6.081465e-01 21 1 12 -0.000000e+00 
2 -2 11 4 20 1 11 4.588251e-02 19 1 11 1.352249e-01 20 2 11 8.188926e-01 20 1 12 -0.000000e+00 
3 -2 11 4 18 2 11 8.679269e-03 18 3 11 7.048248e-03 19 2 11 9.842725e-01 18 2 12 -0.000000e+00 
4 -2 11 4 18 2 11 7.231165e-01 18 3 11 1.731137e-01 19 2 11 1.037698e-01 18 2 12 -0.000000e+00 
5 -2 11 4 17 2 11 4.592021e-01 17 3 11 3.175286e-01 18 2 11 2.232692e-01 17 2 12 -0.000000e+00 
6 -2 11 4 16 2 11 2.165796e-01 16 3 11 4.406611e-01 17 2 11 3.427593e-01 16 2 12 -0.000000e+00 
7 -2 11 4 16 3 11 5.072332e-03 16 2 11 4.571843e-01 15 3 11 5.377434e-01 16 3 12 -0.000000e+00 
8 -2 11 4 15 3 11 2.060085e-01 15 2 11 3.757508e-01 14 3 11 4.182407e-01 15 3 12 -0.000000e+00 
9 -2 11 4 14 2 11 1.610440e-02 13 2 11 2.987434e-01 14 3 11 6.851522e-01 14 2 12 -0.000000e+00 
10 -2 11 4 13 2 11 9.507830e-02 12 2 11 1.792460e-01 13 3 11 7.256757e-01 13 2 12 -0.000000e+00 
11 -2 11 4 12 2 11 1.943391e-01 11 2 11 5.974868e-02 12 3 11 7.459122e-01 12 2 12 -0.000000e+00 
12 -2 11 4 11 2 11 1.943391e-01 11 3 11 7.459122e-01 12 2 11 5.974868e-02 11 2 12 -0.000000e+00 
13 -2 11 4 10 2 11 9.507830e-02 10 3 11 7.256757e-01 11 2 11 1.792460e-01 10 2 12 -0.000000e+00 
14 -2 11 4 9 2 11 1.610440e-02 9 3 11 6.851522e-01 10 2 11 2.987434e-01 9 2 12 -0.000000e+00 
15 -2 11 4 9 3 11 4.248995e-02 9 2 11 3.757508e-01 8 3 11 5.817593e-01 9 3 12 -0.000000e+00 
16 -2 11 4 8 3 11 8.055912e-02 8 2 11 4.571843e-01 7 3 11 4.622566e-01 8 3 12 -0.000000e+00 
17 -2 11 4 7 2 11 2.165770e-01 6 2 11 3.427619e-01 7 3 11 4.406611e-01 7 2 12 -0.000000e+00 
18 -2 11 4 6 2 11 4.592032e-01 5 2 11 2.232682e-01 6 3 11 3.175286e-01 6 2 12 -0.000000e+00 
19 -2 11 4 5 2 11 7.231191e-01 4 2 11 1.037672e-01 5 3 11 1.731137e-01 5 2 12 -0.000000e+00 
20 -2 11 4 4 2 11 9.772216e-01 4 3 11 7.048248e-03 5 2 11 1.573016e-02 4 2 12 -0.000000e+00 
21 -2 11 4 3 1 11 4.588384e-02 3 2 11 8.188926e-01 4 1 11 1.352235e-01 3 1 12 -0.000000e+00 
22 -2 11 4 2 1 11 1.371316e-01 2 2 11 6.081465e-01 3 1 11 2.547219e-01 2 1 12 -0.000000e+00 
23 -2 11 4 1 1 11 2.515555e-01 1 2 11 3.742222e-01 2 1 11 3.742222e-01 1 1 12 -0.000000e+00 
0 -1 11 4 23 1 11 1.323865e-06 23 0 11 3.128889e-01 22 1 11 6.871098e-01 23 1 12 -0.000000e+00 
1 -1 11 4 22 1 11 1.767122e-01 22 0 11 1.959267e-01 21 1 11 6.273611e-01 22 1 12 -0.000000e+00 
2 -1 11 4 21 1 11 3.418339e-01 21 0 11 9.055369e-02 20 1 11 5.676124e-01 21 1 12 -0.000000e+00 
3 -1 11 4 19 1 11 5.043396e-01 19 2 11 3.524129e-03 20 1 11 4.921362e-01 19 1 12 -0.000000e+00 
4 -1 11 4 18 1 11 3.615581e-01 18 2 11 8.655694e-02 19 1 11 5.518849e-01 18 1 12 -0.000000e+00 
5 -1 11 4 17 1 11 2.296009e-01 17 2 11 1.587645e-01 18 1 11 6.116346e-01 17 1 12 -0.000000e+00 
6 -1 11 4 16 1 11 1.082895e-01 16 2 11 2.203309e-01 17 1 11 6.713796e-01 16 1 12 -0.000000e+00 
7 -1 11 4 16 1 11 4.597201e-01 15 1 11 2.688717e-01 16 2 11 2.714082e-01 16 1 12 -0.000000e+00 
8 -1 11 4 15 1 11 4.787546e-01 14 1 11 2.091204e-01 15 2 11 3.121250e-01 15 1 12 -0.000000e+00 
9 -1 11 4 14 1 11 5.080517e-01 13 1 11 1.493717e-01 14 2 11 3.425766e-01 14 1 12 -0.000000e+00 
10 -1 11 4 13 1 11 5.475387e-01 12 1 11 8.962302e-02 13 2 11 3.628383e-01 13 1 12 -0.000000e+00 
11 -1 11 4 12 1 11 5.971690e-01 11 1 11 2.987434e-02 12 2 11 3.729566e-01 12 1 12 -0.000000e+00 
12 -1 11 4 11 1 11 5.971690e-01 11 2 11 3.729566e-01 12 1 11 2.987434e-02 11 1 12 -0.000000e+00 
13 -1 11 4 10 1 11 5.475387e-01 10 2 11 3.628383e-01 11 1 11 8.962302e-02 10 1 12 -0.000000e+00 
14 -1 11 4 9 1 11 5.080517e-01 9 2 11 3.425766e-01 10 1 11 1.493717e-01 9 1 12 -0.000000e+00 
15 -1 11 4 8 1 11 4.787546e-01 8 2 11 3.121250e-01 9 1 11 2.091204e-01 8 1 12 -0.000000e+00 
16 -1 11 4 7 1 11 4.597201e-01 7 2 11 2.714082e-01 8 1 11 2.688717e-01 7 1 12 -0.000000e+00 
17 -1 11 4 6 1 11 4.510501e-01 6 2 11 2.203309e-01 7 1 11 3.286190e-01 6 1 12 -0.000000e+00 
18 -1 11 4 5 1 11 4.528696e-01 5 2 11 1.587645e-01 6 1 11 3.883659e-01 5 1 12 -0.000000e+00 
19 -1 11 4 4 1 11 4.653267e-01 4 2 11 8.655694e-02 5 1 11 4.481164e-01 4 1 12 -0.000000e+00 
20 -1 11 4 3 1 11 4.886108e-01 3 2 11 3.524129e-03 4 1 11 5.078651e-01 3 1 12 -0.000000e+00 
21 -1 11 4 3 1 11 4.770580e-01 3 0 11 9.055369e-02 2 1 11 4.323883e-01 3 1 12 -0.000000e+00 
22 -1 11 4 2 1 11 4.314344e-01 2 0 11 1.959267e-01 1 1 11 3.726389e-01 2 1 12 -0.000000e+00 
23 -1 11 4 1 0 11 -0.000000e+00 0 0 11 3.128889e-01 1 1 11 6.871111e-01 1 0 12 -0.000000e+00 
0 -2 9 4 22 1 9 2.515582e-01 21 1 9 3.742196e-01 22 2 9 3.742222e-01 22 1 10 -0.000000e+00 
1 -2 9 4 21 1 9 1.371312e-01 20 1 9 2.547222e-01 21 2 9 6.081465e-01 21 1 10 -0.000000e+00 
2 -2 9 4 20 1 9 4.588251e-02 19 1 9 1.352249e-01 20 2 9 8.188926e-01 20 1 10 -0.000000e+00 
3 -2 9 4 18 2 9 8.679269e-03 18 3 9 7.048248e-03 19 2 9 9.842725e-01 18 2 10 -0.000000e+00 
4 -2 9 4 18 2 9 7.231165e-01 18 3 9 1.731137e-01 19 2 9 1.037698e-01 18 2 10 -0.000000e+00 
5 -2 9 4 17 2 9 4.592021e-01 17 3 9 3.175286e-01 18 2 9 2.232692e-01 17 2 10 -0.000000e+00 
6 -2 9 4 16 2 9 2.165796e-01 16 3 9 4.406611e-01 17 2 9 3.427593e-01 16 2 10 -0.000000e+00 
7 -2 9 4 16 3 9 5.072332e-03 16 2 9 4.571843e-01 15 3 9 5.377434e-01 16 3 10 -0.000000e+00 
8 -2 9 4 15 3 9 2.060085e-01 15 2 9 3.757508e-01 14 3 9 4.182407e-01 15 3 10 -0.000000e+00 
9 -2 9 4 14 2 9 1.610440e-02 13 2 9 2.987434e-01 14 3 9 6.851522e-01 14 2 10 -0.000000e+00 
10 -2 9 4 13 2 9 9.507830e-02 12 2 9 1.792460e-01 13 3 9 7.256757e-01 13 2 10 -0.000000e+00 
11 -2 9 4 12 2 9 1.943391e-01 11 2 9 5.974868e-02 12 3 9 7.459122e-01 12 2 10 -0.000000e+00 
12 -2 9 4 11 2 9 1.943391e-01 11 3 9 7.459122e-01 12 2 9 5.974868e-02 11 2 10 -0.000000e+00 
13 -2 9 4 10 2 9 9.507830e-02 10 3 9 7.256757e-01 11 2 9 1.792460e-01 10 2 10 -0.000000e+00 
14 -2 9 4 9 2 9 1.610440e-02 9 3 9 6.851522e-01 10 2 9 2.987434e-01 9 2 10 -0.000000e+00 
15 -2 9 4 9 3 9 4.248995e-02 9 2 9 3.757508e-01 8 3 9 5.817593e-01 9 3 10 -0.000000e+00 
16 -2 9 4 8 3 9 8.055912e-02 8 2 9 4.571843e-01 7 3 9 4.622566e-01 8 3 10 -0.000000e+00 
17 -2 9 4 7 2 9 2.165770e-01 6 2 9 3.427619e-01 7 3 9 4.406611e-01 7 2 10 -0.000000e+00 
18 -2 9 4 6 2 9 4.592032e-01 5 2 9 2.232682e-01 6 3 9 3.175286e-01 6 2 10 -0.000000e+00 
19 -2 9 4 5 2 9 7.231191e-01 4 2 9 1.037672e-01 5 3 9 1.731137e-01 5 2 10 -0.000000e+00 
20 -2 9 4 4 2 9 9.772216e-01 4 3 9 7.048248e-03 5 2 9 1.573016e-02 4 2 10 -0.000000e+00 
21 -2 9 4 3 1 9 4.588384e-02 3 2 9 8.188926e-01 4 1 9 1.352235e-01 3 1 10 -0.000000e+00 
22 -2 9 4 2 1 9 1.371316e-01 2 2 9 6.081465e-01 3 1 9 2.547219e-01 2 1 10 -0.000000e+00 
23 -2 9 4 1 1 9 2.515555e-01 1 2 9 3.742222e-01 2 1 9 3.742222e-01 1 1 10 -0.000000e+00 
0 -1 9 4 23 1 9 1.323865e-06 23 0 9 3.128889e-01 22 1 9 6.871098e-01 23 1 10 -0.000000e+00 
1 -1 9 4 22 1 9 1.767122e-01 22 0 9 1.959267e-01 21 1 9 6.273611e-01 22 1 10 -0.000000e+00 
2 -1 9 4 21 1 9 3.418339e-01 21 0 9 9.055369e-02 20 1 9 5.676124e-01 21 1 10 -0.000000e+00 
3 -1 9 4 19 1 9 5.043396e-01 19 2 9 3.524129e-03 20 1 9 4.921362e-01 19 1 10 -0.000000e+00 
4 -1 9 4 18 1 9 3.615581e-01 18 2 9 8.655694e-02 19 1 9 5.518849e-01 18 1 10 -0.000000e+00 
5 -1 9 4 17 1 9 2.296009e-01 17 2 9 1.587645e-01 18 1 9 6.116346e-01 17 1 10 -0.000000e+00 
6 -1 9 4 16 1 9 1.082895e-01 16 2 9 2.203309e-01 17 1 9 6.713796e-01 16 1 10 -0.000000e+00 
7 -1 9 4 16 1 9 4.597201e-01 15 1 9 2.688717e-01 16 2 9 2.714082e-01 16 1 10 -0.000000e+00 
8 -1 9 4 15 1 9 4.787546e-01 14 1 9 2.091204e-01 15 2 9 3.121250e-01 15 1 10 -0.000000e+00 
9 -1 9 4 14 1 9 5.080517e-01 13 1 9 1.493717e-01 14 2 9 3.425766e-01 14 1 10 -0.000000e+00 
10 -1 9 4 13 1 9 5.475387e-01 12 1 9 8.962302e-02 13 2 9 3.628383e-01 13 1 10 -0.000000e+00 
11 -1 9 4 12 1 9 5.971690e-01 11 1 9 2.987434e-02 12 2 9 3.729566e-01 12 1 10 -0.000000e+00 
12 -1 9 4 11 1 9 5.971690e-01 11 2 9 3.729566e-01 12 1 9 2.987434e-02 11 1 10 -0.000000e+00 
13 -1 9 4 10 1 9 5.475387e-01 10 2 9 3.628383e-01 11 1 9 8.962302e-02 10 1 10 -0.000000e+00 
14 -1 9 4 9 1 9 5.080517e-01 9 2 9 3.425766e-01 10 1 9 1.493717e-01 9 1 10 -0.000000e+00 
15 -1 9 4 8 1 9 4.787546e-01 8 2 9 3.121250e-01 9 1 9 2.091204e-01 8 1 10 -0.000000e+00 
16 -1 9 4 7 1 9 4.597201e-01 7 2 9 2.714082e-01 8 1 9 2.688717e-01 7 1 10 -0.000000e+00 
17 -1 9 4 6 1 9 4.510501e-01 6 2 9 2.203309e-01 7 1 9 3.286190e-01 6 1 10 -0.000000e+00 
18 -1 9 4 5 1 9 4.528696e-01 5 2 9 1.587645e-01 6 1 9 3.883659e-01 5 1 10 -0.000000e+00 
19 -1 9 4 4 1 9 4.653267e-01 4 2 9 8.655694e-02 5 1 9 4.481164e-01 4 1 10 -0.000000e+00 
20 -1 9 4 3 1 9 4.886108e-01 3 2 9 3.524129e-03 4 1 9 5.078651e-01 3 1 10 -0.000000e+00 
21 -1 9 4 3 1 9 4.770580e-01 3 0 9 9.055369e-02 2 1 9 4.323883e-01 3 1 10 -0.000000e+00 
22 -1 9 4 2 1 9 4.314344e-01 2 0 9 1.959267e-01 1 1 9 3.726389e-01 2 1 10 -0.000000e+00 
23 -1 9 4 1 0 9 -0.000000e+00 0 0 9 3.128889e-01 1 1 9 6.871111e-01 1 0 10 -0.000000e+00 
0 -2 0 4 22 1 0 2.515582e-01 21 1 0 3.742196e-01 22 2 0 3.742222e-01 22 1 1 -0.000000e+00 
1 -2 0 4 21 1 0 1.371312e-01 20 1 0 2.547222e-01 21 2 0 6.081465e-01 21 1 1 -0.000000e+00 
2 -2 0 4 20 1 0 4.588251e-02 19 1 0 1.352249e-01 20 2 0 8.188926e-01 20 1 1 -0.000000e+00 
3 -2 0 4 18 2 0 8.679269e-03 18 3 0 7.048248e-03 19 2 0 9.842725e-01 18 2 1 -0.000000e+00 
4 -2 0 4 18 2 0 7.231165e-01 18 3 0 1.731137e-01 19 2 0 1.037698e-01 18 2 1 -0.000000e+00 
5 -2 0 4 17 2 0 4.592021e-01 17 3 0 3.175286e-01 18 2 0 2.232692e-01 17 2 1 -0.000000e+00 
6 -2 0 4 16 2 0 2.165796e-01 16 3 0 4.406611e-01 17 2 0 3.427593e-01 16 2 1 -0.000000e+00 
7 -2 0 4 16 3 0 5.072332e-03 16 2 0 4.571843e-01 15 3 0 5.377434e-01 16 3 1 -0.000000e+00 
8 -2 0 4 15 3 0 2.060085e-01 15 2 0 3.757508e-01 14 3 0 4.182407e-01 15 3 1 -0.000000e+00 
9 -2 0 4 14 2 0 1.610440e-02 13 2 0 2.987434e-01 14 3 0 6.851522e-01 14 2 1 -0.000000e+00 
10 -2 0 4 13 2 0 9.507830e-02 12 2 0 1.792460e-01 13 3 0 7.256757e-01 13 2 1 -0.000000e+00 
11 -2 0 4 12 2 0 1.943391e-01 11 2 0 5.974868e-02 12 3 0 7.459122e-01 12 2 1 -0.000000e+00 
12 -2 0 4 11 2 0 1.943391e-01 11 3 0 7.459122e-01 12 2 0 5.974868e-02 11 2 1 -0.000000e+00 
13 -2 0 4 10 2 0 9.507830e-02 10 3 0 7.256757e-01 11 2 0 1.792460e-01 10 2 1 -0.000000e+00 
14 -2 0 4 9 2 0 1.610440e-02 9 3 0 6.851522e-01 10 2 0 2.987434e-01 9 2 1 -0.000000e+00 
15 -2 0 4 9 3 0 4.248995e-02 9 2 0 3.757508e-01 8 3 0 5.817593e-01 9 3 1 -0.000000e+00 
16 -2 0 4 8 3 0 8.055912e-02 8 2 0 4.571843e-01 7 3 0 4.622566e-01 8 3 1 -0.000000e+00 
17 -2 0 4 7 2 0 2.165770e-01 6 2 0 3.427619e-01 7 3 0 4.406611e-01 7 2 1 -0.000000e+00 
18 -2 0 4 6 2 0 4.592032e-01 5 2 0 2.232682e-01 6 3 0 3.175286e-01 6 2 1 -0.000000e+00 
19 -2 0 4 5 2 0 7.231191e-01 4 2 0 1.037672e-01 5 3 0 1.731137e-01 5 2 1 -0.000000e+00 
20 -2 0 4 4 2 0 9.772216e-01 4 3 0 7.048248e-03 5 2 0 1.573016e-02 4 2 1 -0.000000e+00 
21 -2 0 4 3 1 0 4.588384e-02 3 2 0 8.188926e-01 4 1 0 1.352235e-01 3 1 1 -0.000000e+00 
22 -2 0 4 2 1 0 1.371316e-01 2 2 0 6.081465e-01 3 1 0 2.547219e-01 2 1 1 -0.000000e+00 
23 -2 0 4 1 1 0 2.515555e-01 1 2 0 3.742222e-01 2 1 0 3.742222e-01 1 1 1 -0.000000e+00 
0 -1 0 4 23 1 0 1.323865e-06 23 0 0 3.128889e-01 22 1 0 6.871098e-01 23 1 1 -0.000000e+00 
1 -1 0 4 22 1 0 1.767122e-01 22 0 0 1.959267e-01 21 1 0 6.273611e-01 22 1 1 -0.000000e+00 
2 -1 0 4 21 1 0 3.418339e-01 21 0 0 9.055369e-02 20 1 0 5.676124e-01 21 1 1 -0.000000e+00 
3 -1 0 4 19 1 0 5.043396e-01 19 2 0 3.524129e-03 20 1 0 4.921362e-01 19 1 1 -0.000000e+00 
4 -1 0 4 18 1 0 3.615581e-01 18 2 0 8.655694e-02 19 1 0 5.518849e-01 18 1 1 -0.000000e+00 
5 -1 0 4 17 1 0 2.296009e-01 17 2 0 1.587645e-01 18 1 0 6.116346e-01 17 1 1 -0.000000e+00 
6 -1 0 4 16 1 0 1.082895e-01 16 2 0 2.203309e-01 17 1 0 6.713796e-01 16 1 1 -0.000000e+00 
7 -1 0 4 16 1 0 4.597201e-01 15 1 0 2.688717e-01 16 2 0 2.714082e-01 16 1 1 -0.000000e+00 
8 -1 0 4 15 1 0 4.787546e-01 14 1 0 2.091204e-01 15 2 0 3.121250e-01 15 1 1 -0.000000e+00 
9 -1 0 4 14 1 0 5.080517e-01 13 1 0 1.493717e-01 14 2 0 3.425766e-01 14 1 1 -0.000000e+00 
10 -1 0 4 13 1 0 5.475387e-01 12 1 0 8.962302e-02 13 2 0 3.628383e-01 13 1 1 -0.000000e+00 
11 -1 0 4 12 1 0 5.971690e-01 11 1 0 2.987434e-02 12 2 0 3.729566e-01 12 1 1 -0.000000e+00 
12 -1 0 4 11 1 0 5.971690e-01 11 2 0 3.729566e-01 12 1 0 2.987434e-02 11 1 1 -0.000000e+00 
13 -1 0 4 10 1 0 5.475387e-01 10 2 0 3.628383e-01 11 1 0 8.962302e-02 10 1 1 -0.000000e+00 
14 -1 0 4 9 1 0 5.080517e-01 9 2 0 3.425766e-01 10 1 0 1.493717e-01 9 1 1 -0.000000e+00 
15 -1 0 4 8 1 0 4.787546e-01 8 2 0 3.121250e-01 9 1 0 2.091204e-01 8 1 1 -0.000000e+00 
16 -1 0 4 7 1 0 4.597201e-01 7 2 0 2.714082e-01 8 1 0 2.688717e-01 7 1 1 -0.000000e+00 
17 -1 0 4 6 1 0 4.510501e-01 6 2 0 2.203309e-01 7 1 0 3.286190e-01 6 1 1 -0.000000e+00 
18 -1 0 4 5 1 0 4.528696e-01 5 2 0 1.587645e-01 6 1 0 3.883659e-01 5 1 1 -0.000000e+00 
19 -1 0 4 4 1 0 4.653267e-01 4 2 0 8.655694e-02 5 1 0 4.481164e-01 4 1 1 -0.000000e+00 
20 -1 0 4 3 1 0 4.886108e-01 3 2 0 3.524129e-03 4 1 0 5.078651e-01 3 1 1 -0.000000e+00 
21 -1 0 4 3 1 0 4.770580e-01 3 0 0 9.055369e-02 2 1 0 4.323883e-01 3 1 1 -0.000000e+00 
22 -1 0 4 2 1 0 4.314344e-01 2 0 0 1.959267e-01 1 1 0 3.726389e-01 2 1 1 -0.000000e+00 
23 -1 0 4 1 0 0 -0.000000e+00 0 0 0 3.128889e-01 1 1 0 6.871111e-01 1 0 1 -0.000000e+00 
0 -2 1 4 22 1 1 2.515582e-01 21 1 1 3.742196e-01 22 2 1 3.742222e-01 22 1 2 -0.000000e+00 
1 -2 1 4 21 1 1 1.371312e-01 20 1 1 2.547222e-01 21 2 1 6.081465e-01 21 1 2 -0.000000e+00 
2 -2 1 4 20 1 1 4.588251e-02 19 1 1 1.352249e-01 20 2 1 8.188926e-01 20 1 2 -0.000000e+00 
3 -2 1 4 18 2 1 8.679269e-03 18 3 1 7.048248e-03 19 2 1 9.842725e-01 18 2 2 -0.000000e+00 
4 -2 1 4 18 2 1 7.231165e-01 18 3 1 1.731137e-01 19 2 1 1.037698e-01 18 2 2 -0.000000e+00 
5 -2 1 4 17 2 1 4.592021e-01 17 3 1 3.175286e-01 18 2 1 2.232692e-01 17 2 2 -0.000000e+00 
6 -2 1 4 16 2 1 2.165796e-01 16 3 1 4.406611e-01 17 2 1 3.427593e-01 16 2 2 -0.000000e+00 
7 -2 1 4 16 3 1 5.072332e-03 16 2 1 4.571843e-01 15 3 1 5.377434e-01 16 3 2 -0.000000e+00 
8 -2 1 4 15 3 1 2.060085e-01 15 2 1 3.757508e-01 14 3 1 4.182407e-01 15 3 2 -0.000000e+00 
9 -2 1 4 14 2 1 1.610440e-02 13 2 1 2.987434e-01 14 3 1 6.851522e-01 14 2 2 -0.000000e+00 
10 -2 1 4 13 2 1 9.507830e-02 12 2 1 1.792460e-01 13 3 1 7.256757e-01 13 2 2 -0.000000e+00 
11 -2 1 4 12 2 1 1.943391e-01 11 2 1 5.974868e-02 12 3 1 7.459122e-01 12 2 2 -0.000000e+00 
12 -2 1 4 11 2 1 1.943391e-01 11 3 1 7.459122e-01 12 2 1 5.974868e-02 11 2 2 -0.000000e+00 
13 -2 1 4 10 2 1 9.507830e-02 10 3 1 7.256757e-01 11 2 1 1.792460e-01 10 2 2 -0.000000e+00 
14 -2 1 4 9 2 1 1.610440e-02 9 3 1 6.851522e-01 10 2 1 2.987434e-01 9 2 2 -0.000000e+00 
15 -2 1 4 9 3 1 4.248995e-02 9 2 1 3.757508e-01 8 3 1 5.817593e-01 9 3 2 -0.000000e+00 
16 -2 1 4 8 3 1 8.055912e-02 8 2 1 4.571843e-01 7 3 1 4.622566e-01 8 3 2 -0.000000e+00 
17 -2 1 4 7 2 1 2.165770e-01 6 2 1 3.427619e-01 7 3 1 4.406611e-01 7 2 2 -0.000000e+00 
18 -2 1 4 6 2 1 4.592032e-01 5 2 1 2.232682e-01 6 3 1 3.175286e-01 6 2 2 -0.000000e+00 
19 -2 1 4 5 2 1 7.231191e-01 4 2 1 1.037672e-01 5 3 1 1.731137e-01 5 2 2 -0.000000e+00 
20 -2 1 4 4 2 1 9.772216e-01 4 3 1 7.048248e-03 5 2 1 1.573016e-02 4 2 2 -0.000000e+00 
21 -2 1 4 3 1 1 4.588384e-02 3 2 1 8.188926e-01 4 1 1 1.352235e-01 3 1 2 -0.000000e+00 
22 -2 1 4 2 1 1 1.371316e-01 2 2 1 6.081465e-01 3 1 1 2.547219e-01 2 1 2 -0.000000e+00 
23 -2 1 4 1 1 1 2.515555e-01 1 2 1 3.742222e-01 2 1 1 3.742222e-01 1 1 2 -0.000000e+00 
0 -1 1 4 23 1 1 1.323865e-06 23 0 1 3.128889e-01 22 1 1 6.871098e-01 23 1 2 -0.000000e+00 
1 -1 1 4 22 1 1 1.767122e-01 22 0 1 1.959267e-01 21 1 1 6.273611e-01 22 1 2 -0.000000e+00 
2 -1 1 4 21 1 1 3.418339e-01 21 0 1 9.055369e-02 20 1 1 5.676124e-01 21 1 2 -0.000000e+00 
3 -1 1 4 19 1 1 5.043396e-01 19 2 1 3.524129e-03 20 1 1 4.921362e-01 19 1 2 -0.000000e+00 
4 -1 1 4 18 1 1 3.615581e-01 18 2 1 8.655694e-02 19 1 1 5.518849e-01 18 1 2 -0.000000e+00 
5 -1 1 4 17 1 1 2.296009e-01 17 2 1 1.587645e-01 18 1 1 6.116346e-01 17 1 2 -0.000000e+00 
6 -1 1 4 16 1 1 1.082895e-01 16 2 1 2.203309e-01 17 1 1 6.713796e-01 16 1 2 -0.000000e+00 
7 -1 1 4 16 1 1 4.597201e-01 15 1 1 2.688717e-01 16 2 1 2.714082e-01 16 1 2 -0.000000e+00 
8 -1 1 4 15 1 1 4.787546e-01 14 1 1 2.091204e-01 15 2 1 3.121250e-01 15 1 2 -0.000000e+00 
9 -1 1 4 14 1 1 5.080517e-01 13 1 1 1.493717e-01 14 2 1 3.425766e-01 14 1 2 -0.000000e+00 
10 -1 1 4 13 1 1 5.475387e-01 12 1 1 8.962302e-02 13 2 1 3.628383e-01 13 1 2 -0.000000e+00 
11 -1 1 4 12 1 1 5.971690e-01 11 1 1 2.987434e-02 12 2 1 3.729566e-01 12 1 2 -0.000000e+00 
12 -1 1 4 11 1 1 5.971690e-01 11 2 1 3.729566e-01 12 1 1 2.987434e-02 11 1 2 -0.000000e+00 
13 -1 1 4 10 1 1 5.475387e-01 10 2 1 3.628383e-01 11 1 1 8.962302e-02 10 1 2 -0.000000e+00 
14 -1 1 4 9 1 1 5.080517e-01 9 2 1 3.425766e-01 10 1 1 1.493717e-01 9 1 2 -0.000000e+00 
15 -1 1 4 8 1 1 4.787546e-01 8 2 1 3.121250e-01 9 1 1 2.091204e-01 8 1 2 -0.000000e+00 
16 -1 1 4 7 1 1 4.597201e-01 7 2 1 2.714082e-01 8 1 1 2.688717e-01 7 1 2 -0.000000e+00 
17 -1 1 4 6 1 1 4.510501e-01 6 2 1 2.203309e-01 7 1 1 3.286190e-01 6 1 2 -0.000000e+00 
18 -1 1 4 5 1 1 4.528696e-01 5 2 1 1.587645e-01 6 1 1 3.883659e-01 5 1 2 -0.000000e+00 
19 -1 1 4 4 1 1 4.653267e-01 4 2 1 8.655694e-02 5 1 1 4.481164e-01 4 1 2 -0.000000e+00 
20 -1 1 4 3 1 1 4.886108e-01 3 2 1 3.524129e-03 4 1 1 5.078651e-01 3 1 2 -0.000000e+00 
21 -1 1 4 3 1 1 4.770580e-01 3 0 1 9.055369e-02 2 1 1 4.323883e-01 3 1 2 -0.000000e+00 
22 -1 1 4 2 1 1 4.314344e-01 2 0 1 1.959267e-01 1 1 1 3.726389e-01 2 1 2 -0.000000e+00 
23 -1 1 4 1 0 1 -0.000000e+00 0 0 1 3.128889e-01 1 1 1 6.871111e-01 1 0 2 -0.000000e+00 
