left
3D
195
23 0 11 1 23 0 11 1.000000e+00 
23 1 11 1 23 1 11 1.000000e+00 
23 2 11 1 23 2 11 1.000000e+00 
23 3 11 1 23 3 11 1.000000e+00 
23 4 11 1 23 4 11 1.000000e+00 
23 5 11 1 23 5 11 1.000000e+00 
23 6 11 1 23 6 11 1.000000e+00 
23 7 11 1 23 7 11 1.000000e+00 
23 8 11 1 23 8 11 1.000000e+00 
23 9 11 1 23 9 11 1.000000e+00 
23 10 11 1 23 10 11 1.000000e+00 
23 11 11 1 23 11 11 1.000000e+00 
23 12 11 1 23 12 11 1.000000e+00 
23 0 2 1 23 0 2 1.000000e+00 
23 1 2 1 23 1 2 1.000000e+00 
23 2 2 1 23 2 2 1.000000e+00 
23 3 2 1 23 3 2 1.000000e+00 
23 4 2 1 23 4 2 1.000000e+00 
23 5 2 1 23 5 2 1.000000e+00 
23 6 2 1 23 6 2 1.000000e+00 
23 7 2 1 23 7 2 1.000000e+00 
23 8 2 1 23 8 2 1.000000e+00 
23 9 2 1 23 9 2 1.000000e+00 
23 10 2 1 23 10 2 1.000000e+00 
23 11 2 1 23 11 2 1.000000e+00 
23 12 2 1 23 12 2 1.000000e+00 
23 0 3 1 23 0 3 1.000000e+00 
23 1 3 1 23 1 3 1.000000e+00 
23 2 3 1 23 2 3 1.000000e+00 
23 3 3 1 23 3 3 1.000000e+00 
23 4 3 1 23 4 3 1.000000e+00 
23 5 3 1 23 5 3 1.000000e+00 
23 6 3 1 23 6 3 1.000000e+00 
23 7 3 1 23 7 3 1.000000e+00 
23 8 3 1 23 8 3 1.000000e+00 
23 9 3 1 23 9 3 1.000000e+00 
23 10 3 1 23 10 3 1.000000e+00 
23 11 3 1 23 11 3 1.000000e+00 
23 12 3 1 23 12 3 1.000000e+00 
23 0 12 1 23 0 12 1.000000e+00 
23 1 12 1 23 1 12 1.000000e+00 
23 2 12 1 23 2 12 1.000000e+00 
23 3 12 1 23 3 12 1.000000e+00 
23 4 12 1 23 4 12 1.000000e+00 
23 5 12 1 23 5 12 1.000000e+00 
23 6 12 1 23 6 12 1.000000e+00 
23 7 12 1 23 7 12 1.000000e+00 
23 8 12 1 23 8 12 1.000000e+00 
23 9 12 1 23 9 12 1.000000e+00 
23 10 12 1 23 10 12 1.000000e+00 
23 11 12 1 23 11 12 1.000000e+00 
23 12 12 1 23 12 12 1.000000e+00 
23 0 10 1 23 0 10 1.000000e+00 
23 1 10 1 23 1 10 1.000000e+00 
23 2 10 1 23 2 10 1.000000e+00 
23 3 10 1 23 3 10 1.000000e+00 
23 4 10 1 23 4 10 1.000000e+00 
23 5 10 1 23 5 10 1.000000e+00 
23 6 10 1 23 6 10 1.000000e+00 
23 7 10 1 23 7 10 1.000000e+00 
23 8 10 1 23 8 10 1.000000e+00 
23 9 10 1 23 9 10 1.000000e+00 
23 10 10 1 23 10 10 1.000000e+00 
23 11 10 1 23 11 10 1.000000e+00 
23 12 10 1 23 12 10 1.000000e+00 
23 0 8 1 23 0 8 1.000000e+00 
23 1 8 1 23 1 8 1.000000e+00 
23 2 8 1 23 2 8 1.000000e+00 
23 3 8 1 23 3 8 1.000000e+00 
23 4 8 1 23 4 8 1.000000e+00 
23 5 8 1 23 5 8 1.000000e+00 
23 6 8 1 23 6 8 1.000000e+00 
23 7 8 1 23 7 8 1.000000e+00 
23 8 8 1 23 8 8 1.000000e+00 
23 9 8 1 23 9 8 1.000000e+00 
23 10 8 1 23 10 8 1.000000e+00 
23 11 8 1 23 11 8 1.000000e+00 
23 12 8 1 23 12 8 1.000000e+00 
23 0 6 1 23 0 6 1.000000e+00 
23 1 6 1 23 1 6 1.000000e+00 
23 2 6 1 23 2 6 1.000000e+00 
23 3 6 1 23 3 6 1.000000e+00 
23 4 6 1 23 4 6 1.000000e+00 
23 5 6 1 23 5 6 1.000000e+00 
23 6 6 1 23 6 6 1.000000e+00 
23 7 6 1 23 7 6 1.000000e+00 
23 8 6 1 23 8 6 1.000000e+00 
23 9 6 1 23 9 6 1.000000e+00 
23 10 6 1 23 10 6 1.000000e+00 
23 11 6 1 23 11 6 1.000000e+00 
23 12 6 1 23 12 6 1.000000e+00 
23 0 7 1 23 0 7 1.000000e+00 
23 1 7 1 23 1 7 1.000000e+00 
23 2 7 1 23 2 7 1.000000e+00 
23 3 7 1 23 3 7 1.000000e+00 
23 4 7 1 23 4 7 1.000000e+00 
23 5 7 1 23 5 7 1.000000e+00 
23 6 7 1 23 6 7 1.000000e+00 
23 7 7 1 23 7 7 1.000000e+00 
23 8 7 1 23 8 7 1.000000e+00 
23 9 7 1 23 9 7 1.000000e+00 
23 10 7 1 23 10 7 1.000000e+00 
23 11 7 1 23 11 7 1.000000e+00 
23 12 7 1 23 12 7 1.000000e+00 
23 0 0 1 23 0 0 1.000000e+00 
23 1 0 1 23 1 0 1.000000e+00 
23 2 0 1 23 2 0 1.000000e+00 
23 3 0 1 23 3 0 1.000000e+00 
23 4 0 1 23 4 0 1.000000e+00 
23 5 0 1 23 5 0 1.000000e+00 
23 6 0 1 23 6 0 1.000000e+00 
23 7 0 1 23 7 0 1.000000e+00 
23 8 0 1 23 8 0 1.000000e+00 
23 9 0 1 23 9 0 1.000000e+00 
23 10 0 1 23 10 0 1.000000e+00 
23 11 0 1 23 11 0 1.000000e+00 
23 12 0 1 23 12 0 1.000000e+00 
23 0 1 1 23 0 1 1.000000e+00 
23 1 1 1 23 1 1 1.000000e+00 
23 2 1 1 23 2 1 1.000000e+00 
23 3 1 1 23 3 1 1.000000e+00 
23 4 1 1 23 4 1 1.000000e+00 
23 5 1 1 23 5 1 1.000000e+00 
23 6 1 1 23 6 1 1.000000e+00 
23 7 1 1 23 7 1 1.000000e+00 
23 8 1 1 23 8 1 1.000000e+00 
23 9 1 1 23 9 1 1.000000e+00 
23 10 1 1 23 10 1 1.000000e+00 
23 11 1 1 23 11 1 1.000000e+00 
23 12 1 1 23 12 1 1.000000e+00 
23 0 4 1 23 0 4 1.000000e+00 
23 1 4 1 23 1 4 1.000000e+00 
23 2 4 1 23 2 4 1.000000e+00 
23 3 4 1 23 3 4 1.000000e+00 
23 4 4 1 23 4 4 1.000000e+00 
23 5 4 1 23 5 4 1.000000e+00 
23 6 4 1 23 6 4 1.000000e+00 
23 7 4 1 23 7 4 1.000000e+00 
23 8 4 1 23 8 4 1.000000e+00 
23 9 4 1 23 9 4 1.000000e+00 
23 10 4 1 23 10 4 1.000000e+00 
23 11 4 1 23 11 4 1.000000e+00 
23 12 4 1 23 12 4 1.000000e+00 
23 0 5 1 23 0 5 1.000000e+00 
23 1 5 1 23 1 5 1.000000e+00 
23 2 5 1 23 2 5 1.000000e+00 
23 3 5 1 23 3 5 1.000000e+00 
23 4 5 1 23 4 5 1.000000e+00 
23 5 5 1 23 5 5 1.000000e+00 
23 6 5 1 23 6 5 1.000000e+00 
23 7 5 1 23 7 5 1.000000e+00 
23 8 5 1 23 8 5 1.000000e+00 
23 9 5 1 23 9 5 1.000000e+00 
23 10 5 1 23 10 5 1.000000e+00 
23 11 5 1 23 11 5 1.000000e+00 
23 12 5 1 23 12 5 1.000000e+00 
23 0 13 1 23 0 13 1.000000e+00 
23 1 13 1 23 1 13 1.000000e+00 
23 2 13 1 23 2 13 1.000000e+00 
23 3 13 1 23 3 13 1.000000e+00 
23 4 13 1 23 4 13 1.000000e+00 
23 5 13 1 23 5 13 1.000000e+00 
23 6 13 1 23 6 13 1.000000e+00 
23 7 13 1 23 7 13 1.000000e+00 
23 8 13 1 23 8 13 1.000000e+00 
23 9 13 1 23 9 13 1.000000e+00 
23 10 13 1 23 10 13 1.000000e+00 
23 11 13 1 23 11 13 1.000000e+00 
23 12 13 1 23 12 13 1.000000e+00 
23 0 9 1 23 0 9 1.000000e+00 
23 1 9 1 23 1 9 1.000000e+00 
23 2 9 1 23 2 9 1.000000e+00 
23 3 9 1 23 3 9 1.000000e+00 
23 4 9 1 23 4 9 1.000000e+00 
23 5 9 1 23 5 9 1.000000e+00 
23 6 9 1 23 6 9 1.000000e+00 
23 7 9 1 23 7 9 1.000000e+00 
23 8 9 1 23 8 9 1.000000e+00 
23 9 9 1 23 9 9 1.000000e+00 
23 10 9 1 23 10 9 1.000000e+00 
23 11 9 1 23 11 9 1.000000e+00 
23 12 9 1 23 12 9 1.000000e+00 
23 0 14 1 23 0 14 1.000000e+00 
23 1 14 1 23 1 14 1.000000e+00 
23 2 14 1 23 2 14 1.000000e+00 
23 3 14 1 23 3 14 1.000000e+00 
23 4 14 1 23 4 14 1.000000e+00 
23 5 14 1 23 5 14 1.000000e+00 
23 6 14 1 23 6 14 1.000000e+00 
23 7 14 1 23 7 14 1.000000e+00 
23 8 14 1 23 8 14 1.000000e+00 
23 9 14 1 23 9 14 1.000000e+00 
23 10 14 1 23 10 14 1.000000e+00 
23 11 14 1 23 11 14 1.000000e+00 
23 12 14 1 23 12 14 1.000000e+00 
