center
3D
672
0 -2 11 4 22 1 11 2.515582e-01 21 1 11 3.742196e-01 22 2 11 3.742222e-01 22 1 12 -0.000000e+00 
1 -2 11 4 21 2 11 3.534246e-01 21 3 11 2.547219e-01 22 2 11 3.918535e-01 21 2 12 -0.000000e+00 
2 -2 11 4 21 3 11 6.836717e-01 21 4 11 1.352235e-01 22 3 11 1.811047e-01 21 3 12 -0.000000e+00 
3 -2 11 4 21 4 11 9.772216e-01 20 4 11 7.048258e-03 21 5 11 1.573016e-02 21 4 12 -0.000000e+00 
4 -2 11 4 21 5 11 7.231189e-01 21 4 11 1.037672e-01 20 5 11 1.731139e-01 21 5 12 -0.000000e+00 
5 -2 11 4 21 6 11 4.592054e-01 21 5 11 2.232682e-01 20 6 11 3.175264e-01 21 6 12 -0.000000e+00 
6 -2 11 4 21 7 11 2.165764e-01 21 6 11 3.427619e-01 20 7 11 4.406617e-01 21 7 12 -0.000000e+00 
7 -2 11 4 20 7 11 5.073051e-03 20 8 11 5.377434e-01 21 7 11 4.571836e-01 20 7 12 -0.000000e+00 
8 -2 11 4 20 8 11 2.060093e-01 20 9 11 4.182407e-01 21 8 11 3.757500e-01 20 8 12 -0.000000e+00 
9 -2 11 4 20 9 11 3.864097e-01 20 10 11 2.987434e-01 21 9 11 3.148469e-01 20 9 12 -0.000000e+00 
10 -2 11 4 20 10 11 5.464279e-01 20 11 11 1.792460e-01 21 10 11 2.743260e-01 20 10 12 -0.000000e+00 
11 -2 11 4 20 11 11 6.861646e-01 20 12 11 5.974868e-02 21 11 11 2.540868e-01 20 11 12 -0.000000e+00 
12 -2 11 4 21 12 11 1.943381e-01 21 11 11 5.974868e-02 20 12 11 7.459132e-01 21 12 12 -0.000000e+00 
13 -2 11 4 21 13 11 9.507999e-02 21 12 11 1.792460e-01 20 13 11 7.256740e-01 21 13 12 -0.000000e+00 
14 -2 11 4 21 14 11 1.610349e-02 21 13 11 2.987434e-01 20 14 11 6.851531e-01 21 14 12 -0.000000e+00 
15 -2 11 4 20 14 11 4.249077e-02 20 15 11 5.817593e-01 21 14 11 3.757500e-01 20 14 12 -0.000000e+00 
16 -2 11 4 20 15 11 8.055984e-02 20 16 11 4.622566e-01 21 15 11 4.571836e-01 20 15 12 -0.000000e+00 
17 -2 11 4 20 16 11 9.790247e-02 20 17 11 3.427593e-01 21 16 11 5.593383e-01 20 16 12 -0.000000e+00 
18 -2 11 4 20 17 11 9.425714e-02 20 18 11 2.232692e-01 21 17 11 6.824736e-01 20 17 12 -0.000000e+00 
19 -2 11 4 20 18 11 6.934405e-02 20 19 11 1.037698e-01 21 18 11 8.268861e-01 20 18 12 -0.000000e+00 
20 -2 11 4 21 18 11 8.679259e-03 20 18 11 7.048258e-03 21 19 11 9.842725e-01 21 18 12 -0.000000e+00 
21 -2 11 4 22 20 11 4.587987e-02 22 19 11 1.352249e-01 21 20 11 8.188953e-01 22 20 12 -0.000000e+00 
22 -2 11 4 22 21 11 1.371312e-01 22 20 11 2.547222e-01 21 21 11 6.081465e-01 22 21 12 -0.000000e+00 
23 -2 11 4 22 21 11 -0.000000e+00 21 21 11 3.742196e-01 22 22 11 6.257804e-01 22 21 12 -0.000000e+00 
0 -1 11 4 23 1 11 1.323865e-06 23 0 11 3.128889e-01 22 1 11 6.871098e-01 23 1 12 -0.000000e+00 
1 -1 11 4 22 1 11 1.767122e-01 22 2 11 6.273611e-01 23 1 11 1.959267e-01 22 1 12 -0.000000e+00 
2 -1 11 4 22 2 11 3.418359e-01 22 3 11 5.676117e-01 23 2 11 9.055237e-02 22 2 12 -0.000000e+00 
3 -1 11 4 22 3 11 4.886108e-01 21 3 11 3.524129e-03 22 4 11 5.078651e-01 22 3 12 -0.000000e+00 
4 -1 11 4 22 4 11 4.653267e-01 21 4 11 8.655694e-02 22 5 11 4.481164e-01 22 4 12 -0.000000e+00 
5 -1 11 4 22 5 11 4.528709e-01 21 5 11 1.587632e-01 22 6 11 3.883659e-01 22 5 12 -0.000000e+00 
6 -1 11 4 22 6 11 4.510501e-01 21 6 11 2.203309e-01 22 7 11 3.286190e-01 22 6 12 -0.000000e+00 
7 -1 11 4 21 7 11 2.536525e-03 21 8 11 2.688717e-01 22 7 11 7.285918e-01 21 7 12 -0.000000e+00 
8 -1 11 4 21 8 11 1.030046e-01 21 9 11 2.091204e-01 22 8 11 6.878750e-01 21 8 12 -0.000000e+00 
9 -1 11 4 21 9 11 1.932049e-01 21 10 11 1.493717e-01 22 9 11 6.574234e-01 21 9 12 -0.000000e+00 
10 -1 11 4 21 10 11 2.732140e-01 21 11 11 8.962302e-02 22 10 11 6.371630e-01 21 10 12 -0.000000e+00 
11 -1 11 4 21 11 11 3.430823e-01 21 12 11 2.987434e-02 22 11 11 6.270434e-01 21 11 12 -0.000000e+00 
12 -1 11 4 22 12 11 5.971690e-01 22 11 11 2.987434e-02 21 12 11 3.729566e-01 22 12 12 -0.000000e+00 
13 -1 11 4 22 13 11 5.475400e-01 22 12 11 8.962302e-02 21 13 11 3.628370e-01 22 13 12 -0.000000e+00 
14 -1 11 4 22 14 11 5.080517e-01 22 13 11 1.493717e-01 21 14 11 3.425766e-01 22 14 12 -0.000000e+00 
15 -1 11 4 22 15 11 4.787546e-01 22 14 11 2.091204e-01 21 15 11 3.121250e-01 22 15 12 -0.000000e+00 
16 -1 11 4 22 16 11 4.597201e-01 22 15 11 2.688717e-01 21 16 11 2.714082e-01 22 16 12 -0.000000e+00 
17 -1 11 4 22 16 11 1.082895e-01 21 16 11 2.203309e-01 22 17 11 6.713796e-01 22 16 12 -0.000000e+00 
18 -1 11 4 22 17 11 2.296022e-01 21 17 11 1.587632e-01 22 18 11 6.116346e-01 22 17 12 -0.000000e+00 
19 -1 11 4 22 18 11 3.615581e-01 21 18 11 8.655694e-02 22 19 11 5.518849e-01 22 18 12 -0.000000e+00 
20 -1 11 4 22 19 11 5.043396e-01 21 19 11 3.524129e-03 22 20 11 4.921362e-01 22 19 12 -0.000000e+00 
21 -1 11 4 22 20 11 4.770601e-01 22 21 11 4.323876e-01 23 20 11 9.055237e-02 22 20 12 -0.000000e+00 
22 -1 11 4 22 21 11 4.314344e-01 22 22 11 3.726389e-01 23 21 11 1.959267e-01 22 21 12 -0.000000e+00 
23 -1 11 4 22 22 11 3.742196e-01 22 23 11 3.128902e-01 23 22 11 3.128902e-01 22 22 12 -0.000000e+00 
0 -2 6 4 22 1 6 2.515582e-01 21 1 6 3.742196e-01 22 2 6 3.742222e-01 22 1 7 -0.000000e+00 
1 -2 6 4 21 2 6 3.534246e-01 21 3 6 2.547219e-01 22 2 6 3.918535e-01 21 2 7 -0.000000e+00 
2 -2 6 4 21 3 6 6.836717e-01 21 4 6 1.352235e-01 22 3 6 1.811047e-01 21 3 7 -0.000000e+00 
3 -2 6 4 21 4 6 9.772216e-01 20 4 6 7.048258e-03 21 5 6 1.573016e-02 21 4 7 -0.000000e+00 
4 -2 6 4 21 5 6 7.231189e-01 21 4 6 1.037672e-01 20 5 6 1.731139e-01 21 5 7 -0.000000e+00 
5 -2 6 4 21 6 6 4.592054e-01 21 5 6 2.232682e-01 20 6 6 3.175264e-01 21 6 7 -0.000000e+00 
6 -2 6 4 21 7 6 2.165764e-01 21 6 6 3.427619e-01 20 7 6 4.406617e-01 21 7 7 -0.000000e+00 
7 -2 6 4 20 7 6 5.073051e-03 20 8 6 5.377434e-01 21 7 6 4.571836e-01 20 7 7 -0.000000e+00 
8 -2 6 4 20 8 6 2.060093e-01 20 9 6 4.182407e-01 21 8 6 3.757500e-01 20 8 7 -0.000000e+00 
9 -2 6 4 20 9 6 3.864097e-01 20 10 6 2.987434e-01 21 9 6 3.148469e-01 20 9 7 -0.000000e+00 
10 -2 6 4 20 10 6 5.464279e-01 20 11 6 1.792460e-01 21 10 6 2.743260e-01 20 10 7 -0.000000e+00 
11 -2 6 4 20 11 6 6.861646e-01 20 12 6 5.974868e-02 21 11 6 2.540868e-01 20 11 7 -0.000000e+00 
12 -2 6 4 21 12 6 1.943381e-01 21 11 6 5.974868e-02 20 12 6 7.459132e-01 21 12 7 -0.000000e+00 
13 -2 6 4 21 13 6 9.507999e-02 21 12 6 1.792460e-01 20 13 6 7.256740e-01 21 13 7 -0.000000e+00 
14 -2 6 4 21 14 6 1.610349e-02 21 13 6 2.987434e-01 20 14 6 6.851531e-01 21 14 7 -0.000000e+00 
15 -2 6 4 20 14 6 4.249077e-02 20 15 6 5.817593e-01 21 14 6 3.757500e-01 20 14 7 -0.000000e+00 
16 -2 6 4 20 15 6 8.055984e-02 20 16 6 4.622566e-01 21 15 6 4.571836e-01 20 15 7 -0.000000e+00 
17 -2 6 4 20 16 6 9.790247e-02 20 17 6 3.427593e-01 21 16 6 5.593383e-01 20 16 7 -0.000000e+00 
18 -2 6 4 20 17 6 9.425714e-02 20 18 6 2.232692e-01 21 17 6 6.824736e-01 20 17 7 -0.000000e+00 
19 -2 6 4 20 18 6 6.934405e-02 20 19 6 1.037698e-01 21 18 6 8.268861e-01 20 18 7 -0.000000e+00 
20 -2 6 4 21 18 6 8.679259e-03 20 18 6 7.048258e-03 21 19 6 9.842725e-01 21 18 7 -0.000000e+00 
21 -2 6 4 22 20 6 4.587987e-02 22 19 6 1.352249e-01 21 20 6 8.188953e-01 22 20 7 -0.000000e+00 
22 -2 6 4 22 21 6 1.371312e-01 22 20 6 2.547222e-01 21 21 6 6.081465e-01 22 21 7 -0.000000e+00 
23 -2 6 4 22 21 6 -0.000000e+00 21 21 6 3.742196e-01 22 22 6 6.257804e-01 22 21 7 -0.000000e+00 
0 -1 6 4 23 1 6 1.323865e-06 23 0 6 3.128889e-01 22 1 6 6.871098e-01 23 1 7 -0.000000e+00 
1 -1 6 4 22 1 6 1.767122e-01 22 2 6 6.273611e-01 23 1 6 1.959267e-01 22 1 7 -0.000000e+00 
2 -1 6 4 22 2 6 3.418359e-01 22 3 6 5.676117e-01 23 2 6 9.055237e-02 22 2 7 -0.000000e+00 
3 -1 6 4 22 3 6 4.886108e-01 21 3 6 3.524129e-03 22 4 6 5.078651e-01 22 3 7 -0.000000e+00 
4 -1 6 4 22 4 6 4.653267e-01 21 4 6 8.655694e-02 22 5 6 4.481164e-01 22 4 7 -0.000000e+00 
5 -1 6 4 22 5 6 4.528709e-01 21 5 6 1.587632e-01 22 6 6 3.883659e-01 22 5 7 -0.000000e+00 
6 -1 6 4 22 6 6 4.510501e-01 21 6 6 2.203309e-01 22 7 6 3.286190e-01 22 6 7 -0.000000e+00 
7 -1 6 4 21 7 6 2.536525e-03 21 8 6 2.688717e-01 22 7 6 7.285918e-01 21 7 7 -0.000000e+00 
8 -1 6 4 21 8 6 1.030046e-01 21 9 6 2.091204e-01 22 8 6 6.878750e-01 21 8 7 -0.000000e+00 
9 -1 6 4 21 9 6 1.932049e-01 21 10 6 1.493717e-01 22 9 6 6.574234e-01 21 9 7 -0.000000e+00 
10 -1 6 4 21 10 6 2.732140e-01 21 11 6 8.962302e-02 22 10 6 6.371630e-01 21 10 7 -0.000000e+00 
11 -1 6 4 21 11 6 3.430823e-01 21 12 6 2.987434e-02 22 11 6 6.270434e-01 21 11 7 -0.000000e+00 
12 -1 6 4 22 12 6 5.971690e-01 22 11 6 2.987434e-02 21 12 6 3.729566e-01 22 12 7 -0.000000e+00 
13 -1 6 4 22 13 6 5.475400e-01 22 12 6 8.962302e-02 21 13 6 3.628370e-01 22 13 7 -0.000000e+00 
14 -1 6 4 22 14 6 5.080517e-01 22 13 6 1.493717e-01 21 14 6 3.425766e-01 22 14 7 -0.000000e+00 
15 -1 6 4 22 15 6 4.787546e-01 22 14 6 2.091204e-01 21 15 6 3.121250e-01 22 15 7 -0.000000e+00 
16 -1 6 4 22 16 6 4.597201e-01 22 15 6 2.688717e-01 21 16 6 2.714082e-01 22 16 7 -0.000000e+00 
17 -1 6 4 22 16 6 1.082895e-01 21 16 6 2.203309e-01 22 17 6 6.713796e-01 22 16 7 -0.000000e+00 
18 -1 6 4 22 17 6 2.296022e-01 21 17 6 1.587632e-01 22 18 6 6.116346e-01 22 17 7 -0.000000e+00 
19 -1 6 4 22 18 6 3.615581e-01 21 18 6 8.655694e-02 22 19 6 5.518849e-01 22 18 7 -0.000000e+00 
20 -1 6 4 22 19 6 5.043396e-01 21 19 6 3.524129e-03 22 20 6 4.921362e-01 22 19 7 -0.000000e+00 
21 -1 6 4 22 20 6 4.770601e-01 22 21 6 4.323876e-01 23 20 6 9.055237e-02 22 20 7 -0.000000e+00 
22 -1 6 4 22 21 6 4.314344e-01 22 22 6 3.726389e-01 23 21 6 1.959267e-01 22 21 7 -0.000000e+00 
23 -1 6 4 22 22 6 3.742196e-01 22 23 6 3.128902e-01 23 22 6 3.128902e-01 22 22 7 -0.000000e+00 
0 -2 13 4 22 1 13 2.515582e-01 21 1 13 3.742196e-01 22 2 13 3.742222e-01 22 1 14 -0.000000e+00 
1 -2 13 4 21 2 13 3.534246e-01 21 3 13 2.547219e-01 22 2 13 3.918535e-01 21 2 14 -0.000000e+00 
2 -2 13 4 21 3 13 6.836717e-01 21 4 13 1.352235e-01 22 3 13 1.811047e-01 21 3 14 -0.000000e+00 
3 -2 13 4 21 4 13 9.772216e-01 20 4 13 7.048258e-03 21 5 13 1.573016e-02 21 4 14 -0.000000e+00 
4 -2 13 4 21 5 13 7.231189e-01 21 4 13 1.037672e-01 20 5 13 1.731139e-01 21 5 14 -0.000000e+00 
5 -2 13 4 21 6 13 4.592054e-01 21 5 13 2.232682e-01 20 6 13 3.175264e-01 21 6 14 -0.000000e+00 
6 -2 13 4 21 7 13 2.165764e-01 21 6 13 3.427619e-01 20 7 13 4.406617e-01 21 7 14 -0.000000e+00 
7 -2 13 4 20 7 13 5.073051e-03 20 8 13 5.377434e-01 21 7 13 4.571836e-01 20 7 14 -0.000000e+00 
8 -2 13 4 20 8 13 2.060093e-01 20 9 13 4.182407e-01 21 8 13 3.757500e-01 20 8 14 -0.000000e+00 
9 -2 13 4 20 9 13 3.864097e-01 20 10 13 2.987434e-01 21 9 13 3.148469e-01 20 9 14 -0.000000e+00 
10 -2 13 4 20 10 13 5.464279e-01 20 11 13 1.792460e-01 21 10 13 2.743260e-01 20 10 14 -0.000000e+00 
11 -2 13 4 20 11 13 6.861646e-01 20 12 13 5.974868e-02 21 11 13 2.540868e-01 20 11 14 -0.000000e+00 
12 -2 13 4 21 12 13 1.943381e-01 21 11 13 5.974868e-02 20 12 13 7.459132e-01 21 12 14 -0.000000e+00 
13 -2 13 4 21 13 13 9.507999e-02 21 12 13 1.792460e-01 20 13 13 7.256740e-01 21 13 14 -0.000000e+00 
14 -2 13 4 21 14 13 1.610349e-02 21 13 13 2.987434e-01 20 14 13 6.851531e-01 21 14 14 -0.000000e+00 
15 -2 13 4 20 14 13 4.249077e-02 20 15 13 5.817593e-01 21 14 13 3.757500e-01 20 14 14 -0.000000e+00 
16 -2 13 4 20 15 13 8.055984e-02 20 16 13 4.622566e-01 21 15 13 4.571836e-01 20 15 14 -0.000000e+00 
17 -2 13 4 20 16 13 9.790247e-02 20 17 13 3.427593e-01 21 16 13 5.593383e-01 20 16 14 -0.000000e+00 
18 -2 13 4 20 17 13 9.425714e-02 20 18 13 2.232692e-01 21 17 13 6.824736e-01 20 17 14 -0.000000e+00 
19 -2 13 4 20 18 13 6.934405e-02 20 19 13 1.037698e-01 21 18 13 8.268861e-01 20 18 14 -0.000000e+00 
20 -2 13 4 21 18 13 8.679259e-03 20 18 13 7.048258e-03 21 19 13 9.842725e-01 21 18 14 -0.000000e+00 
21 -2 13 4 22 20 13 4.587987e-02 22 19 13 1.352249e-01 21 20 13 8.188953e-01 22 20 14 -0.000000e+00 
22 -2 13 4 22 21 13 1.371312e-01 22 20 13 2.547222e-01 21 21 13 6.081465e-01 22 21 14 -0.000000e+00 
23 -2 13 4 22 21 13 -0.000000e+00 21 21 13 3.742196e-01 22 22 13 6.257804e-01 22 21 14 -0.000000e+00 
0 -1 13 4 23 1 13 1.323865e-06 23 0 13 3.128889e-01 22 1 13 6.871098e-01 23 1 14 -0.000000e+00 
1 -1 13 4 22 1 13 1.767122e-01 22 2 13 6.273611e-01 23 1 13 1.959267e-01 22 1 14 -0.000000e+00 
2 -1 13 4 22 2 13 3.418359e-01 22 3 13 5.676117e-01 23 2 13 9.055237e-02 22 2 14 -0.000000e+00 
3 -1 13 4 22 3 13 4.886108e-01 21 3 13 3.524129e-03 22 4 13 5.078651e-01 22 3 14 -0.000000e+00 
4 -1 13 4 22 4 13 4.653267e-01 21 4 13 8.655694e-02 22 5 13 4.481164e-01 22 4 14 -0.000000e+00 
5 -1 13 4 22 5 13 4.528709e-01 21 5 13 1.587632e-01 22 6 13 3.883659e-01 22 5 14 -0.000000e+00 
6 -1 13 4 22 6 13 4.510501e-01 21 6 13 2.203309e-01 22 7 13 3.286190e-01 22 6 14 -0.000000e+00 
7 -1 13 4 21 7 13 2.536525e-03 21 8 13 2.688717e-01 22 7 13 7.285918e-01 21 7 14 -0.000000e+00 
8 -1 13 4 21 8 13 1.030046e-01 21 9 13 2.091204e-01 22 8 13 6.878750e-01 21 8 14 -0.000000e+00 
9 -1 13 4 21 9 13 1.932049e-01 21 10 13 1.493717e-01 22 9 13 6.574234e-01 21 9 14 -0.000000e+00 
10 -1 13 4 21 10 13 2.732140e-01 21 11 13 8.962302e-02 22 10 13 6.371630e-01 21 10 14 -0.000000e+00 
11 -1 13 4 21 11 13 3.430823e-01 21 12 13 2.987434e-02 22 11 13 6.270434e-01 21 11 14 -0.000000e+00 
12 -1 13 4 22 12 13 5.971690e-01 22 11 13 2.987434e-02 21 12 13 3.729566e-01 22 12 14 -0.000000e+00 
13 -1 13 4 22 13 13 5.475400e-01 22 12 13 8.962302e-02 21 13 13 3.628370e-01 22 13 14 -0.000000e+00 
14 -1 13 4 22 14 13 5.080517e-01 22 13 13 1.493717e-01 21 14 13 3.425766e-01 22 14 14 -0.000000e+00 
15 -1 13 4 22 15 13 4.787546e-01 22 14 13 2.091204e-01 21 15 13 3.121250e-01 22 15 14 -0.000000e+00 
16 -1 13 4 22 16 13 4.597201e-01 22 15 13 2.688717e-01 21 16 13 2.714082e-01 22 16 14 -0.000000e+00 
17 -1 13 4 22 16 13 1.082895e-01 21 16 13 2.203309e-01 22 17 13 6.713796e-01 22 16 14 -0.000000e+00 
18 -1 13 4 22 17 13 2.296022e-01 21 17 13 1.587632e-01 22 18 13 6.116346e-01 22 17 14 -0.000000e+00 
19 -1 13 4 22 18 13 3.615581e-01 21 18 13 8.655694e-02 22 19 13 5.518849e-01 22 18 14 -0.000000e+00 
20 -1 13 4 22 19 13 5.043396e-01 21 19 13 3.524129e-03 22 20 13 4.921362e-01 22 19 14 -0.000000e+00 
21 -1 13 4 22 20 13 4.770601e-01 22 21 13 4.323876e-01 23 20 13 9.055237e-02 22 20 14 -0.000000e+00 
22 -1 13 4 22 21 13 4.314344e-01 22 22 13 3.726389e-01 23 21 13 1.959267e-01 22 21 14 -0.000000e+00 
23 -1 13 4 22 22 13 3.742196e-01 22 23 13 3.128902e-01 23 22 13 3.128902e-01 22 22 14 -0.000000e+00 
0 -2 2 4 22 1 2 2.515582e-01 21 1 2 3.742196e-01 22 2 2 3.742222e-01 22 1 3 -0.000000e+00 
1 -2 2 4 21 2 2 3.534246e-01 21 3 2 2.547219e-01 22 2 2 3.918535e-01 21 2 3 -0.000000e+00 
2 -2 2 4 21 3 2 6.836717e-01 21 4 2 1.352235e-01 22 3 2 1.811047e-01 21 3 3 -0.000000e+00 
3 -2 2 4 21 4 2 9.772216e-01 20 4 2 7.048258e-03 21 5 2 1.573016e-02 21 4 3 -0.000000e+00 
4 -2 2 4 21 5 2 7.231189e-01 21 4 2 1.037672e-01 20 5 2 1.731139e-01 21 5 3 -0.000000e+00 
5 -2 2 4 21 6 2 4.592054e-01 21 5 2 2.232682e-01 20 6 2 3.175264e-01 21 6 3 -0.000000e+00 
6 -2 2 4 21 7 2 2.165764e-01 21 6 2 3.427619e-01 20 7 2 4.406617e-01 21 7 3 -0.000000e+00 
7 -2 2 4 20 7 2 5.073051e-03 20 8 2 5.377434e-01 21 7 2 4.571836e-01 20 7 3 -0.000000e+00 
8 -2 2 4 20 8 2 2.060093e-01 20 9 2 4.182407e-01 21 8 2 3.757500e-01 20 8 3 -0.000000e+00 
9 -2 2 4 20 9 2 3.864097e-01 20 10 2 2.987434e-01 21 9 2 3.148469e-01 20 9 3 -0.000000e+00 
10 -2 2 4 20 10 2 5.464279e-01 20 11 2 1.792460e-01 21 10 2 2.743260e-01 20 10 3 -0.000000e+00 
11 -2 2 4 20 11 2 6.861646e-01 20 12 2 5.974868e-02 21 11 2 2.540868e-01 20 11 3 -0.000000e+00 
12 -2 2 4 21 12 2 1.943381e-01 21 11 2 5.974868e-02 20 12 2 7.459132e-01 21 12 3 -0.000000e+00 
13 -2 2 4 21 13 2 9.507999e-02 21 12 2 1.792460e-01 20 13 2 7.256740e-01 21 13 3 -0.000000e+00 
14 -2 2 4 21 14 2 1.610349e-02 21 13 2 2.987434e-01 20 14 2 6.851531e-01 21 14 3 -0.000000e+00 
15 -2 2 4 20 14 2 4.249077e-02 20 15 2 5.817593e-01 21 14 2 3.757500e-01 20 14 3 -0.000000e+00 
16 -2 2 4 20 15 2 8.055984e-02 20 16 2 4.622566e-01 21 15 2 4.571836e-01 20 15 3 -0.000000e+00 
17 -2 2 4 20 16 2 9.790247e-02 20 17 2 3.427593e-01 21 16 2 5.593383e-01 20 16 3 -0.000000e+00 
18 -2 2 4 20 17 2 9.425714e-02 20 18 2 2.232692e-01 21 17 2 6.824736e-01 20 17 3 -0.000000e+00 
19 -2 2 4 20 18 2 6.934405e-02 20 19 2 1.037698e-01 21 18 2 8.268861e-01 20 18 3 -0.000000e+00 
20 -2 2 4 21 18 2 8.679259e-03 20 18 2 7.048258e-03 21 19 2 9.842725e-01 21 18 3 -0.000000e+00 
21 -2 2 4 22 20 2 4.587987e-02 22 19 2 1.352249e-01 21 20 2 8.188953e-01 22 20 3 -0.000000e+00 
22 -2 2 4 22 21 2 1.371312e-01 22 20 2 2.547222e-01 21 21 2 6.081465e-01 22 21 3 -0.000000e+00 
23 -2 2 4 22 21 2 -0.000000e+00 21 21 2 3.742196e-01 22 22 2 6.257804e-01 22 21 3 -0.000000e+00 
0 -1 2 4 23 1 2 1.323865e-06 23 0 2 3.128889e-01 22 1 2 6.871098e-01 23 1 3 -0.000000e+00 
1 -1 2 4 22 1 2 1.767122e-01 22 2 2 6.273611e-01 23 1 2 1.959267e-01 22 1 3 -0.000000e+00 
2 -1 2 4 22 2 2 3.418359e-01 22 3 2 5.676117e-01 23 2 2 9.055237e-02 22 2 3 -0.000000e+00 
3 -1 2 4 22 3 2 4.886108e-01 21 3 2 3.524129e-03 22 4 2 5.078651e-01 22 3 3 -0.000000e+00 
4 -1 2 4 22 4 2 4.653267e-01 21 4 2 8.655694e-02 22 5 2 4.481164e-01 22 4 3 -0.000000e+00 
5 -1 2 4 22 5 2 4.528709e-01 21 5 2 1.587632e-01 22 6 2 3.883659e-01 22 5 3 -0.000000e+00 
6 -1 2 4 22 6 2 4.510501e-01 21 6 2 2.203309e-01 22 7 2 3.286190e-01 22 6 3 -0.000000e+00 
7 -1 2 4 21 7 2 2.536525e-03 21 8 2 2.688717e-01 22 7 2 7.285918e-01 21 7 3 -0.000000e+00 
8 -1 2 4 21 8 2 1.030046e-01 21 9 2 2.091204e-01 22 8 2 6.878750e-01 21 8 3 -0.000000e+00 
9 -1 2 4 21 9 2 1.932049e-01 21 10 2 1.493717e-01 22 9 2 6.574234e-01 21 9 3 -0.000000e+00 
10 -1 2 4 21 10 2 2.732140e-01 21 11 2 8.962302e-02 22 10 2 6.371630e-01 21 10 3 -0.000000e+00 
11 -1 2 4 21 11 2 3.430823e-01 21 12 2 2.987434e-02 22 11 2 6.270434e-01 21 11 3 -0.000000e+00 
12 -1 2 4 22 12 2 5.971690e-01 22 11 2 2.987434e-02 21 12 2 3.729566e-01 22 12 3 -0.000000e+00 
13 -1 2 4 22 13 2 5.475400e-01 22 12 2 8.962302e-02 21 13 2 3.628370e-01 22 13 3 -0.000000e+00 
14 -1 2 4 22 14 2 5.080517e-01 22 13 2 1.493717e-01 21 14 2 3.425766e-01 22 14 3 -0.000000e+00 
15 -1 2 4 22 15 2 4.787546e-01 22 14 2 2.091204e-01 21 15 2 3.121250e-01 22 15 3 -0.000000e+00 
16 -1 2 4 22 16 2 4.597201e-01 22 15 2 2.688717e-01 21 16 2 2.714082e-01 22 16 3 -0.000000e+00 
17 -1 2 4 22 16 2 1.082895e-01 21 16 2 2.203309e-01 22 17 2 6.713796e-01 22 16 3 -0.000000e+00 
18 -1 2 4 22 17 2 2.296022e-01 21 17 2 1.587632e-01 22 18 2 6.116346e-01 22 17 3 -0.000000e+00 
19 -1 2 4 22 18 2 3.615581e-01 21 18 2 8.655694e-02 22 19 2 5.518849e-01 22 18 3 -0.000000e+00 
20 -1 2 4 22 19 2 5.043396e-01 21 19 2 3.524129e-03 22 20 2 4.921362e-01 22 19 3 -0.000000e+00 
21 -1 2 4 22 20 2 4.770601e-01 22 21 2 4.323876e-01 23 20 2 9.055237e-02 22 20 3 -0.000000e+00 
22 -1 2 4 22 21 2 4.314344e-01 22 22 2 3.726389e-01 23 21 2 1.959267e-01 22 21 3 -0.000000e+00 
23 -1 2 4 22 22 2 3.742196e-01 22 23 2 3.128902e-01 23 22 2 3.128902e-01 22 22 3 -0.000000e+00 
0 -2 3 4 22 1 3 2.515582e-01 21 1 3 3.742196e-01 22 2 3 3.742222e-01 22 1 4 -0.000000e+00 
1 -2 3 4 21 2 3 3.534246e-01 21 3 3 2.547219e-01 22 2 3 3.918535e-01 21 2 4 -0.000000e+00 
2 -2 3 4 21 3 3 6.836717e-01 21 4 3 1.352235e-01 22 3 3 1.811047e-01 21 3 4 -0.000000e+00 
3 -2 3 4 21 4 3 9.772216e-01 20 4 3 7.048258e-03 21 5 3 1.573016e-02 21 4 4 -0.000000e+00 
4 -2 3 4 21 5 3 7.231189e-01 21 4 3 1.037672e-01 20 5 3 1.731139e-01 21 5 4 -0.000000e+00 
5 -2 3 4 21 6 3 4.592054e-01 21 5 3 2.232682e-01 20 6 3 3.175264e-01 21 6 4 -0.000000e+00 
6 -2 3 4 21 7 3 2.165764e-01 21 6 3 3.427619e-01 20 7 3 4.406617e-01 21 7 4 -0.000000e+00 
7 -2 3 4 20 7 3 5.073051e-03 20 8 3 5.377434e-01 21 7 3 4.571836e-01 20 7 4 -0.000000e+00 
8 -2 3 4 20 8 3 2.060093e-01 20 9 3 4.182407e-01 21 8 3 3.757500e-01 20 8 4 -0.000000e+00 
9 -2 3 4 20 9 3 3.864097e-01 20 10 3 2.987434e-01 21 9 3 3.148469e-01 20 9 4 -0.000000e+00 
10 -2 3 4 20 10 3 5.464279e-01 20 11 3 1.792460e-01 21 10 3 2.743260e-01 20 10 4 -0.000000e+00 
11 -2 3 4 20 11 3 6.861646e-01 20 12 3 5.974868e-02 21 11 3 2.540868e-01 20 11 4 -0.000000e+00 
12 -2 3 4 21 12 3 1.943381e-01 21 11 3 5.974868e-02 20 12 3 7.459132e-01 21 12 4 -0.000000e+00 
13 -2 3 4 21 13 3 9.507999e-02 21 12 3 1.792460e-01 20 13 3 7.256740e-01 21 13 4 -0.000000e+00 
14 -2 3 4 21 14 3 1.610349e-02 21 13 3 2.987434e-01 20 14 3 6.851531e-01 21 14 4 -0.000000e+00 
15 -2 3 4 20 14 3 4.249077e-02 20 15 3 5.817593e-01 21 14 3 3.757500e-01 20 14 4 -0.000000e+00 
16 -2 3 4 20 15 3 8.055984e-02 20 16 3 4.622566e-01 21 15 3 4.571836e-01 20 15 4 -0.000000e+00 
17 -2 3 4 20 16 3 9.790247e-02 20 17 3 3.427593e-01 21 16 3 5.593383e-01 20 16 4 -0.000000e+00 
18 -2 3 4 20 17 3 9.425714e-02 20 18 3 2.232692e-01 21 17 3 6.824736e-01 20 17 4 -0.000000e+00 
19 -2 3 4 20 18 3 6.934405e-02 20 19 3 1.037698e-01 21 18 3 8.268861e-01 20 18 4 -0.000000e+00 
20 -2 3 4 21 18 3 8.679259e-03 20 18 3 7.048258e-03 21 19 3 9.842725e-01 21 18 4 -0.000000e+00 
21 -2 3 4 22 20 3 4.587987e-02 22 19 3 1.352249e-01 21 20 3 8.188953e-01 22 20 4 -0.000000e+00 
22 -2 3 4 22 21 3 1.371312e-01 22 20 3 2.547222e-01 21 21 3 6.081465e-01 22 21 4 -0.000000e+00 
23 -2 3 4 22 21 3 -0.000000e+00 21 21 3 3.742196e-01 22 22 3 6.257804e-01 22 21 4 -0.000000e+00 
0 -1 3 4 23 1 3 1.323865e-06 23 0 3 3.128889e-01 22 1 3 6.871098e-01 23 1 4 -0.000000e+00 
1 -1 3 4 22 1 3 1.767122e-01 22 2 3 6.273611e-01 23 1 3 1.959267e-01 22 1 4 -0.000000e+00 
2 -1 3 4 22 2 3 3.418359e-01 22 3 3 5.676117e-01 23 2 3 9.055237e-02 22 2 4 -0.000000e+00 
3 -1 3 4 22 3 3 4.886108e-01 21 3 3 3.524129e-03 22 4 3 5.078651e-01 22 3 4 -0.000000e+00 
4 -1 3 4 22 4 3 4.653267e-01 21 4 3 8.655694e-02 22 5 3 4.481164e-01 22 4 4 -0.000000e+00 
5 -1 3 4 22 5 3 4.528709e-01 21 5 3 1.587632e-01 22 6 3 3.883659e-01 22 5 4 -0.000000e+00 
6 -1 3 4 22 6 3 4.510501e-01 21 6 3 2.203309e-01 22 7 3 3.286190e-01 22 6 4 -0.000000e+00 
7 -1 3 4 21 7 3 2.536525e-03 21 8 3 2.688717e-01 22 7 3 7.285918e-01 21 7 4 -0.000000e+00 
8 -1 3 4 21 8 3 1.030046e-01 21 9 3 2.091204e-01 22 8 3 6.878750e-01 21 8 4 -0.000000e+00 
9 -1 3 4 21 9 3 1.932049e-01 21 10 3 1.493717e-01 22 9 3 6.574234e-01 21 9 4 -0.000000e+00 
10 -1 3 4 21 10 3 2.732140e-01 21 11 3 8.962302e-02 22 10 3 6.371630e-01 21 10 4 -0.000000e+00 
11 -1 3 4 21 11 3 3.430823e-01 21 12 3 2.987434e-02 22 11 3 6.270434e-01 21 11 4 -0.000000e+00 
12 -1 3 4 22 12 3 5.971690e-01 22 11 3 2.987434e-02 21 12 3 3.729566e-01 22 12 4 -0.000000e+00 
13 -1 3 4 22 13 3 5.475400e-01 22 12 3 8.962302e-02 21 13 3 3.628370e-01 22 13 4 -0.000000e+00 
14 -1 3 4 22 14 3 5.080517e-01 22 13 3 1.493717e-01 21 14 3 3.425766e-01 22 14 4 -0.000000e+00 
15 -1 3 4 22 15 3 4.787546e-01 22 14 3 2.091204e-01 21 15 3 3.121250e-01 22 15 4 -0.000000e+00 
16 -1 3 4 22 16 3 4.597201e-01 22 15 3 2.688717e-01 21 16 3 2.714082e-01 22 16 4 -0.000000e+00 
17 -1 3 4 22 16 3 1.082895e-01 21 16 3 2.203309e-01 22 17 3 6.713796e-01 22 16 4 -0.000000e+00 
18 -1 3 4 22 17 3 2.296022e-01 21 17 3 1.587632e-01 22 18 3 6.116346e-01 22 17 4 -0.000000e+00 
19 -1 3 4 22 18 3 3.615581e-01 21 18 3 8.655694e-02 22 19 3 5.518849e-01 22 18 4 -0.000000e+00 
20 -1 3 4 22 19 3 5.043396e-01 21 19 3 3.524129e-03 22 20 3 4.921362e-01 22 19 4 -0.000000e+00 
21 -1 3 4 22 20 3 4.770601e-01 22 21 3 4.323876e-01 23 20 3 9.055237e-02 22 20 4 -0.000000e+00 
22 -1 3 4 22 21 3 4.314344e-01 22 22 3 3.726389e-01 23 21 3 1.959267e-01 22 21 4 -0.000000e+00 
23 -1 3 4 22 22 3 3.742196e-01 22 23 3 3.128902e-01 23 22 3 3.128902e-01 22 22 4 -0.000000e+00 
0 -2 10 4 22 1 10 2.515582e-01 21 1 10 3.742196e-01 22 2 10 3.742222e-01 22 1 11 -0.000000e+00 
1 -2 10 4 21 2 10 3.534246e-01 21 3 10 2.547219e-01 22 2 10 3.918535e-01 21 2 11 -0.000000e+00 
2 -2 10 4 21 3 10 6.836717e-01 21 4 10 1.352235e-01 22 3 10 1.811047e-01 21 3 11 -0.000000e+00 
3 -2 10 4 21 4 10 9.772216e-01 20 4 10 7.048258e-03 21 5 10 1.573016e-02 21 4 11 -0.000000e+00 
4 -2 10 4 21 5 10 7.231189e-01 21 4 10 1.037672e-01 20 5 10 1.731139e-01 21 5 11 -0.000000e+00 
5 -2 10 4 21 6 10 4.592054e-01 21 5 10 2.232682e-01 20 6 10 3.175264e-01 21 6 11 -0.000000e+00 
6 -2 10 4 21 7 10 2.165764e-01 21 6 10 3.427619e-01 20 7 10 4.406617e-01 21 7 11 -0.000000e+00 
7 -2 10 4 20 7 10 5.073051e-03 20 8 10 5.377434e-01 21 7 10 4.571836e-01 20 7 11 -0.000000e+00 
8 -2 10 4 20 8 10 2.060093e-01 20 9 10 4.182407e-01 21 8 10 3.757500e-01 20 8 11 -0.000000e+00 
9 -2 10 4 20 9 10 3.864097e-01 20 10 10 2.987434e-01 21 9 10 3.148469e-01 20 9 11 -0.000000e+00 
10 -2 10 4 20 10 10 5.464279e-01 20 11 10 1.792460e-01 21 10 10 2.743260e-01 20 10 11 -0.000000e+00 
11 -2 10 4 20 11 10 6.861646e-01 20 12 10 5.974868e-02 21 11 10 2.540868e-01 20 11 11 -0.000000e+00 
12 -2 10 4 21 12 10 1.943381e-01 21 11 10 5.974868e-02 20 12 10 7.459132e-01 21 12 11 -0.000000e+00 
13 -2 10 4 21 13 10 9.507999e-02 21 12 10 1.792460e-01 20 13 10 7.256740e-01 21 13 11 -0.000000e+00 
14 -2 10 4 21 14 10 1.610349e-02 21 13 10 2.987434e-01 20 14 10 6.851531e-01 21 14 11 -0.000000e+00 
15 -2 10 4 20 14 10 4.249077e-02 20 15 10 5.817593e-01 21 14 10 3.757500e-01 20 14 11 -0.000000e+00 
16 -2 10 4 20 15 10 8.055984e-02 20 16 10 4.622566e-01 21 15 10 4.571836e-01 20 15 11 -0.000000e+00 
17 -2 10 4 20 16 10 9.790247e-02 20 17 10 3.427593e-01 21 16 10 5.593383e-01 20 16 11 -0.000000e+00 
18 -2 10 4 20 17 10 9.425714e-02 20 18 10 2.232692e-01 21 17 10 6.824736e-01 20 17 11 -0.000000e+00 
19 -2 10 4 20 18 10 6.934405e-02 20 19 10 1.037698e-01 21 18 10 8.268861e-01 20 18 11 -0.000000e+00 
20 -2 10 4 21 18 10 8.679259e-03 20 18 10 7.048258e-03 21 19 10 9.842725e-01 21 18 11 -0.000000e+00 
21 -2 10 4 22 20 10 4.587987e-02 22 19 10 1.352249e-01 21 20 10 8.188953e-01 22 20 11 -0.000000e+00 
22 -2 10 4 22 21 10 1.371312e-01 22 20 10 2.547222e-01 21 21 10 6.081465e-01 22 21 11 -0.000000e+00 
23 -2 10 4 22 21 10 -0.000000e+00 21 21 10 3.742196e-01 22 22 10 6.257804e-01 22 21 11 -0.000000e+00 
0 -1 10 4 23 1 10 1.323865e-06 23 0 10 3.128889e-01 22 1 10 6.871098e-01 23 1 11 -0.000000e+00 
1 -1 10 4 22 1 10 1.767122e-01 22 2 10 6.273611e-01 23 1 10 1.959267e-01 22 1 11 -0.000000e+00 
2 -1 10 4 22 2 10 3.418359e-01 22 3 10 5.676117e-01 23 2 10 9.055237e-02 22 2 11 -0.000000e+00 
3 -1 10 4 22 3 10 4.886108e-01 21 3 10 3.524129e-03 22 4 10 5.078651e-01 22 3 11 -0.000000e+00 
4 -1 10 4 22 4 10 4.653267e-01 21 4 10 8.655694e-02 22 5 10 4.481164e-01 22 4 11 -0.000000e+00 
5 -1 10 4 22 5 10 4.528709e-01 21 5 10 1.587632e-01 22 6 10 3.883659e-01 22 5 11 -0.000000e+00 
6 -1 10 4 22 6 10 4.510501e-01 21 6 10 2.203309e-01 22 7 10 3.286190e-01 22 6 11 -0.000000e+00 
7 -1 10 4 21 7 10 2.536525e-03 21 8 10 2.688717e-01 22 7 10 7.285918e-01 21 7 11 -0.000000e+00 
8 -1 10 4 21 8 10 1.030046e-01 21 9 10 2.091204e-01 22 8 10 6.878750e-01 21 8 11 -0.000000e+00 
9 -1 10 4 21 9 10 1.932049e-01 21 10 10 1.493717e-01 22 9 10 6.574234e-01 21 9 11 -0.000000e+00 
10 -1 10 4 21 10 10 2.732140e-01 21 11 10 8.962302e-02 22 10 10 6.371630e-01 21 10 11 -0.000000e+00 
11 -1 10 4 21 11 10 3.430823e-01 21 12 10 2.987434e-02 22 11 10 6.270434e-01 21 11 11 -0.000000e+00 
12 -1 10 4 22 12 10 5.971690e-01 22 11 10 2.987434e-02 21 12 10 3.729566e-01 22 12 11 -0.000000e+00 
13 -1 10 4 22 13 10 5.475400e-01 22 12 10 8.962302e-02 21 13 10 3.628370e-01 22 13 11 -0.000000e+00 
14 -1 10 4 22 14 10 5.080517e-01 22 13 10 1.493717e-01 21 14 10 3.425766e-01 22 14 11 -0.000000e+00 
15 -1 10 4 22 15 10 4.787546e-01 22 14 10 2.091204e-01 21 15 10 3.121250e-01 22 15 11 -0.000000e+00 
16 -1 10 4 22 16 10 4.597201e-01 22 15 10 2.688717e-01 21 16 10 2.714082e-01 22 16 11 -0.000000e+00 
17 -1 10 4 22 16 10 1.082895e-01 21 16 10 2.203309e-01 22 17 10 6.713796e-01 22 16 11 -0.000000e+00 
18 -1 10 4 22 17 10 2.296022e-01 21 17 10 1.587632e-01 22 18 10 6.116346e-01 22 17 11 -0.000000e+00 
19 -1 10 4 22 18 10 3.615581e-01 21 18 10 8.655694e-02 22 19 10 5.518849e-01 22 18 11 -0.000000e+00 
20 -1 10 4 22 19 10 5.043396e-01 21 19 10 3.524129e-03 22 20 10 4.921362e-01 22 19 11 -0.000000e+00 
21 -1 10 4 22 20 10 4.770601e-01 22 21 10 4.323876e-01 23 20 10 9.055237e-02 22 20 11 -0.000000e+00 
22 -1 10 4 22 21 10 4.314344e-01 22 22 10 3.726389e-01 23 21 10 1.959267e-01 22 21 11 -0.000000e+00 
23 -1 10 4 22 22 10 3.742196e-01 22 23 10 3.128902e-01 23 22 10 3.128902e-01 22 22 11 -0.000000e+00 
0 -2 7 4 22 1 7 2.515582e-01 21 1 7 3.742196e-01 22 2 7 3.742222e-01 22 1 8 -0.000000e+00 
1 -2 7 4 21 2 7 3.534246e-01 21 3 7 2.547219e-01 22 2 7 3.918535e-01 21 2 8 -0.000000e+00 
2 -2 7 4 21 3 7 6.836717e-01 21 4 7 1.352235e-01 22 3 7 1.811047e-01 21 3 8 -0.000000e+00 
3 -2 7 4 21 4 7 9.772216e-01 20 4 7 7.048258e-03 21 5 7 1.573016e-02 21 4 8 -0.000000e+00 
4 -2 7 4 21 5 7 7.231189e-01 21 4 7 1.037672e-01 20 5 7 1.731139e-01 21 5 8 -0.000000e+00 
5 -2 7 4 21 6 7 4.592054e-01 21 5 7 2.232682e-01 20 6 7 3.175264e-01 21 6 8 -0.000000e+00 
6 -2 7 4 21 7 7 2.165764e-01 21 6 7 3.427619e-01 20 7 7 4.406617e-01 21 7 8 -0.000000e+00 
7 -2 7 4 20 7 7 5.073051e-03 20 8 7 5.377434e-01 21 7 7 4.571836e-01 20 7 8 -0.000000e+00 
8 -2 7 4 20 8 7 2.060093e-01 20 9 7 4.182407e-01 21 8 7 3.757500e-01 20 8 8 -0.000000e+00 
9 -2 7 4 20 9 7 3.864097e-01 20 10 7 2.987434e-01 21 9 7 3.148469e-01 20 9 8 -0.000000e+00 
10 -2 7 4 20 10 7 5.464279e-01 20 11 7 1.792460e-01 21 10 7 2.743260e-01 20 10 8 -0.000000e+00 
11 -2 7 4 20 11 7 6.861646e-01 20 12 7 5.974868e-02 21 11 7 2.540868e-01 20 11 8 -0.000000e+00 
12 -2 7 4 21 12 7 1.943381e-01 21 11 7 5.974868e-02 20 12 7 7.459132e-01 21 12 8 -0.000000e+00 
13 -2 7 4 21 13 7 9.507999e-02 21 12 7 1.792460e-01 20 13 7 7.256740e-01 21 13 8 -0.000000e+00 
14 -2 7 4 21 14 7 1.610349e-02 21 13 7 2.987434e-01 20 14 7 6.851531e-01 21 14 8 -0.000000e+00 
15 -2 7 4 20 14 7 4.249077e-02 20 15 7 5.817593e-01 21 14 7 3.757500e-01 20 14 8 -0.000000e+00 
16 -2 7 4 20 15 7 8.055984e-02 20 16 7 4.622566e-01 21 15 7 4.571836e-01 20 15 8 -0.000000e+00 
17 -2 7 4 20 16 7 9.790247e-02 20 17 7 3.427593e-01 21 16 7 5.593383e-01 20 16 8 -0.000000e+00 
18 -2 7 4 20 17 7 9.425714e-02 20 18 7 2.232692e-01 21 17 7 6.824736e-01 20 17 8 -0.000000e+00 
19 -2 7 4 20 18 7 6.934405e-02 20 19 7 1.037698e-01 21 18 7 8.268861e-01 20 18 8 -0.000000e+00 
20 -2 7 4 21 18 7 8.679259e-03 20 18 7 7.048258e-03 21 19 7 9.842725e-01 21 18 8 -0.000000e+00 
21 -2 7 4 22 20 7 4.587987e-02 22 19 7 1.352249e-01 21 20 7 8.188953e-01 22 20 8 -0.000000e+00 
22 -2 7 4 22 21 7 1.371312e-01 22 20 7 2.547222e-01 21 21 7 6.081465e-01 22 21 8 -0.000000e+00 
23 -2 7 4 22 21 7 -0.000000e+00 21 21 7 3.742196e-01 22 22 7 6.257804e-01 22 21 8 -0.000000e+00 
0 -1 7 4 23 1 7 1.323865e-06 23 0 7 3.128889e-01 22 1 7 6.871098e-01 23 1 8 -0.000000e+00 
1 -1 7 4 22 1 7 1.767122e-01 22 2 7 6.273611e-01 23 1 7 1.959267e-01 22 1 8 -0.000000e+00 
2 -1 7 4 22 2 7 3.418359e-01 22 3 7 5.676117e-01 23 2 7 9.055237e-02 22 2 8 -0.000000e+00 
3 -1 7 4 22 3 7 4.886108e-01 21 3 7 3.524129e-03 22 4 7 5.078651e-01 22 3 8 -0.000000e+00 
4 -1 7 4 22 4 7 4.653267e-01 21 4 7 8.655694e-02 22 5 7 4.481164e-01 22 4 8 -0.000000e+00 
5 -1 7 4 22 5 7 4.528709e-01 21 5 7 1.587632e-01 22 6 7 3.883659e-01 22 5 8 -0.000000e+00 
6 -1 7 4 22 6 7 4.510501e-01 21 6 7 2.203309e-01 22 7 7 3.286190e-01 22 6 8 -0.000000e+00 
7 -1 7 4 21 7 7 2.536525e-03 21 8 7 2.688717e-01 22 7 7 7.285918e-01 21 7 8 -0.000000e+00 
8 -1 7 4 21 8 7 1.030046e-01 21 9 7 2.091204e-01 22 8 7 6.878750e-01 21 8 8 -0.000000e+00 
9 -1 7 4 21 9 7 1.932049e-01 21 10 7 1.493717e-01 22 9 7 6.574234e-01 21 9 8 -0.000000e+00 
10 -1 7 4 21 10 7 2.732140e-01 21 11 7 8.962302e-02 22 10 7 6.371630e-01 21 10 8 -0.000000e+00 
11 -1 7 4 21 11 7 3.430823e-01 21 12 7 2.987434e-02 22 11 7 6.270434e-01 21 11 8 -0.000000e+00 
12 -1 7 4 22 12 7 5.971690e-01 22 11 7 2.987434e-02 21 12 7 3.729566e-01 22 12 8 -0.000000e+00 
13 -1 7 4 22 13 7 5.475400e-01 22 12 7 8.962302e-02 21 13 7 3.628370e-01 22 13 8 -0.000000e+00 
14 -1 7 4 22 14 7 5.080517e-01 22 13 7 1.493717e-01 21 14 7 3.425766e-01 22 14 8 -0.000000e+00 
15 -1 7 4 22 15 7 4.787546e-01 22 14 7 2.091204e-01 21 15 7 3.121250e-01 22 15 8 -0.000000e+00 
16 -1 7 4 22 16 7 4.597201e-01 22 15 7 2.688717e-01 21 16 7 2.714082e-01 22 16 8 -0.000000e+00 
17 -1 7 4 22 16 7 1.082895e-01 21 16 7 2.203309e-01 22 17 7 6.713796e-01 22 16 8 -0.000000e+00 
18 -1 7 4 22 17 7 2.296022e-01 21 17 7 1.587632e-01 22 18 7 6.116346e-01 22 17 8 -0.000000e+00 
19 -1 7 4 22 18 7 3.615581e-01 21 18 7 8.655694e-02 22 19 7 5.518849e-01 22 18 8 -0.000000e+00 
20 -1 7 4 22 19 7 5.043396e-01 21 19 7 3.524129e-03 22 20 7 4.921362e-01 22 19 8 -0.000000e+00 
21 -1 7 4 22 20 7 4.770601e-01 22 21 7 4.323876e-01 23 20 7 9.055237e-02 22 20 8 -0.000000e+00 
22 -1 7 4 22 21 7 4.314344e-01 22 22 7 3.726389e-01 23 21 7 1.959267e-01 22 21 8 -0.000000e+00 
23 -1 7 4 22 22 7 3.742196e-01 22 23 7 3.128902e-01 23 22 7 3.128902e-01 22 22 8 -0.000000e+00 
0 -2 12 4 22 1 12 2.515582e-01 21 1 12 3.742196e-01 22 2 12 3.742222e-01 22 1 13 -0.000000e+00 
1 -2 12 4 21 2 12 3.534246e-01 21 3 12 2.547219e-01 22 2 12 3.918535e-01 21 2 13 -0.000000e+00 
2 -2 12 4 21 3 12 6.836717e-01 21 4 12 1.352235e-01 22 3 12 1.811047e-01 21 3 13 -0.000000e+00 
3 -2 12 4 21 4 12 9.772216e-01 20 4 12 7.048258e-03 21 5 12 1.573016e-02 21 4 13 -0.000000e+00 
4 -2 12 4 21 5 12 7.231189e-01 21 4 12 1.037672e-01 20 5 12 1.731139e-01 21 5 13 -0.000000e+00 
5 -2 12 4 21 6 12 4.592054e-01 21 5 12 2.232682e-01 20 6 12 3.175264e-01 21 6 13 -0.000000e+00 
6 -2 12 4 21 7 12 2.165764e-01 21 6 12 3.427619e-01 20 7 12 4.406617e-01 21 7 13 -0.000000e+00 
7 -2 12 4 20 7 12 5.073051e-03 20 8 12 5.377434e-01 21 7 12 4.571836e-01 20 7 13 -0.000000e+00 
8 -2 12 4 20 8 12 2.060093e-01 20 9 12 4.182407e-01 21 8 12 3.757500e-01 20 8 13 -0.000000e+00 
9 -2 12 4 20 9 12 3.864097e-01 20 10 12 2.987434e-01 21 9 12 3.148469e-01 20 9 13 -0.000000e+00 
10 -2 12 4 20 10 12 5.464279e-01 20 11 12 1.792460e-01 21 10 12 2.743260e-01 20 10 13 -0.000000e+00 
11 -2 12 4 20 11 12 6.861646e-01 20 12 12 5.974868e-02 21 11 12 2.540868e-01 20 11 13 -0.000000e+00 
12 -2 12 4 21 12 12 1.943381e-01 21 11 12 5.974868e-02 20 12 12 7.459132e-01 21 12 13 -0.000000e+00 
13 -2 12 4 21 13 12 9.507999e-02 21 12 12 1.792460e-01 20 13 12 7.256740e-01 21 13 13 -0.000000e+00 
14 -2 12 4 21 14 12 1.610349e-02 21 13 12 2.987434e-01 20 14 12 6.851531e-01 21 14 13 -0.000000e+00 
15 -2 12 4 20 14 12 4.249077e-02 20 15 12 5.817593e-01 21 14 12 3.757500e-01 20 14 13 -0.000000e+00 
16 -2 12 4 20 15 12 8.055984e-02 20 16 12 4.622566e-01 21 15 12 4.571836e-01 20 15 13 -0.000000e+00 
17 -2 12 4 20 16 12 9.790247e-02 20 17 12 3.427593e-01 21 16 12 5.593383e-01 20 16 13 -0.000000e+00 
18 -2 12 4 20 17 12 9.425714e-02 20 18 12 2.232692e-01 21 17 12 6.824736e-01 20 17 13 -0.000000e+00 
19 -2 12 4 20 18 12 6.934405e-02 20 19 12 1.037698e-01 21 18 12 8.268861e-01 20 18 13 -0.000000e+00 
20 -2 12 4 21 18 12 8.679259e-03 20 18 12 7.048258e-03 21 19 12 9.842725e-01 21 18 13 -0.000000e+00 
21 -2 12 4 22 20 12 4.587987e-02 22 19 12 1.352249e-01 21 20 12 8.188953e-01 22 20 13 -0.000000e+00 
22 -2 12 4 22 21 12 1.371312e-01 22 20 12 2.547222e-01 21 21 12 6.081465e-01 22 21 13 -0.000000e+00 
23 -2 12 4 22 21 12 -0.000000e+00 21 21 12 3.742196e-01 22 22 12 6.257804e-01 22 21 13 -0.000000e+00 
0 -1 12 4 23 1 12 1.323865e-06 23 0 12 3.128889e-01 22 1 12 6.871098e-01 23 1 13 -0.000000e+00 
1 -1 12 4 22 1 12 1.767122e-01 22 2 12 6.273611e-01 23 1 12 1.959267e-01 22 1 13 -0.000000e+00 
2 -1 12 4 22 2 12 3.418359e-01 22 3 12 5.676117e-01 23 2 12 9.055237e-02 22 2 13 -0.000000e+00 
3 -1 12 4 22 3 12 4.886108e-01 21 3 12 3.524129e-03 22 4 12 5.078651e-01 22 3 13 -0.000000e+00 
4 -1 12 4 22 4 12 4.653267e-01 21 4 12 8.655694e-02 22 5 12 4.481164e-01 22 4 13 -0.000000e+00 
5 -1 12 4 22 5 12 4.528709e-01 21 5 12 1.587632e-01 22 6 12 3.883659e-01 22 5 13 -0.000000e+00 
6 -1 12 4 22 6 12 4.510501e-01 21 6 12 2.203309e-01 22 7 12 3.286190e-01 22 6 13 -0.000000e+00 
7 -1 12 4 21 7 12 2.536525e-03 21 8 12 2.688717e-01 22 7 12 7.285918e-01 21 7 13 -0.000000e+00 
8 -1 12 4 21 8 12 1.030046e-01 21 9 12 2.091204e-01 22 8 12 6.878750e-01 21 8 13 -0.000000e+00 
9 -1 12 4 21 9 12 1.932049e-01 21 10 12 1.493717e-01 22 9 12 6.574234e-01 21 9 13 -0.000000e+00 
10 -1 12 4 21 10 12 2.732140e-01 21 11 12 8.962302e-02 22 10 12 6.371630e-01 21 10 13 -0.000000e+00 
11 -1 12 4 21 11 12 3.430823e-01 21 12 12 2.987434e-02 22 11 12 6.270434e-01 21 11 13 -0.000000e+00 
12 -1 12 4 22 12 12 5.971690e-01 22 11 12 2.987434e-02 21 12 12 3.729566e-01 22 12 13 -0.000000e+00 
13 -1 12 4 22 13 12 5.475400e-01 22 12 12 8.962302e-02 21 13 12 3.628370e-01 22 13 13 -0.000000e+00 
14 -1 12 4 22 14 12 5.080517e-01 22 13 12 1.493717e-01 21 14 12 3.425766e-01 22 14 13 -0.000000e+00 
15 -1 12 4 22 15 12 4.787546e-01 22 14 12 2.091204e-01 21 15 12 3.121250e-01 22 15 13 -0.000000e+00 
16 -1 12 4 22 16 12 4.597201e-01 22 15 12 2.688717e-01 21 16 12 2.714082e-01 22 16 13 -0.000000e+00 
17 -1 12 4 22 16 12 1.082895e-01 21 16 12 2.203309e-01 22 17 12 6.713796e-01 22 16 13 -0.000000e+00 
18 -1 12 4 22 17 12 2.296022e-01 21 17 12 1.587632e-01 22 18 12 6.116346e-01 22 17 13 -0.000000e+00 
19 -1 12 4 22 18 12 3.615581e-01 21 18 12 8.655694e-02 22 19 12 5.518849e-01 22 18 13 -0.000000e+00 
20 -1 12 4 22 19 12 5.043396e-01 21 19 12 3.524129e-03 22 20 12 4.921362e-01 22 19 13 -0.000000e+00 
21 -1 12 4 22 20 12 4.770601e-01 22 21 12 4.323876e-01 23 20 12 9.055237e-02 22 20 13 -0.000000e+00 
22 -1 12 4 22 21 12 4.314344e-01 22 22 12 3.726389e-01 23 21 12 1.959267e-01 22 21 13 -0.000000e+00 
23 -1 12 4 22 22 12 3.742196e-01 22 23 12 3.128902e-01 23 22 12 3.128902e-01 22 22 13 -0.000000e+00 
0 -2 4 4 22 1 4 2.515582e-01 21 1 4 3.742196e-01 22 2 4 3.742222e-01 22 1 5 -0.000000e+00 
1 -2 4 4 21 2 4 3.534246e-01 21 3 4 2.547219e-01 22 2 4 3.918535e-01 21 2 5 -0.000000e+00 
2 -2 4 4 21 3 4 6.836717e-01 21 4 4 1.352235e-01 22 3 4 1.811047e-01 21 3 5 -0.000000e+00 
3 -2 4 4 21 4 4 9.772216e-01 20 4 4 7.048258e-03 21 5 4 1.573016e-02 21 4 5 -0.000000e+00 
4 -2 4 4 21 5 4 7.231189e-01 21 4 4 1.037672e-01 20 5 4 1.731139e-01 21 5 5 -0.000000e+00 
5 -2 4 4 21 6 4 4.592054e-01 21 5 4 2.232682e-01 20 6 4 3.175264e-01 21 6 5 -0.000000e+00 
6 -2 4 4 21 7 4 2.165764e-01 21 6 4 3.427619e-01 20 7 4 4.406617e-01 21 7 5 -0.000000e+00 
7 -2 4 4 20 7 4 5.073051e-03 20 8 4 5.377434e-01 21 7 4 4.571836e-01 20 7 5 -0.000000e+00 
8 -2 4 4 20 8 4 2.060093e-01 20 9 4 4.182407e-01 21 8 4 3.757500e-01 20 8 5 -0.000000e+00 
9 -2 4 4 20 9 4 3.864097e-01 20 10 4 2.987434e-01 21 9 4 3.148469e-01 20 9 5 -0.000000e+00 
10 -2 4 4 20 10 4 5.464279e-01 20 11 4 1.792460e-01 21 10 4 2.743260e-01 20 10 5 -0.000000e+00 
11 -2 4 4 20 11 4 6.861646e-01 20 12 4 5.974868e-02 21 11 4 2.540868e-01 20 11 5 -0.000000e+00 
12 -2 4 4 21 12 4 1.943381e-01 21 11 4 5.974868e-02 20 12 4 7.459132e-01 21 12 5 -0.000000e+00 
13 -2 4 4 21 13 4 9.507999e-02 21 12 4 1.792460e-01 20 13 4 7.256740e-01 21 13 5 -0.000000e+00 
14 -2 4 4 21 14 4 1.610349e-02 21 13 4 2.987434e-01 20 14 4 6.851531e-01 21 14 5 -0.000000e+00 
15 -2 4 4 20 14 4 4.249077e-02 20 15 4 5.817593e-01 21 14 4 3.757500e-01 20 14 5 -0.000000e+00 
16 -2 4 4 20 15 4 8.055984e-02 20 16 4 4.622566e-01 21 15 4 4.571836e-01 20 15 5 -0.000000e+00 
17 -2 4 4 20 16 4 9.790247e-02 20 17 4 3.427593e-01 21 16 4 5.593383e-01 20 16 5 -0.000000e+00 
18 -2 4 4 20 17 4 9.425714e-02 20 18 4 2.232692e-01 21 17 4 6.824736e-01 20 17 5 -0.000000e+00 
19 -2 4 4 20 18 4 6.934405e-02 20 19 4 1.037698e-01 21 18 4 8.268861e-01 20 18 5 -0.000000e+00 
20 -2 4 4 21 18 4 8.679259e-03 20 18 4 7.048258e-03 21 19 4 9.842725e-01 21 18 5 -0.000000e+00 
21 -2 4 4 22 20 4 4.587987e-02 22 19 4 1.352249e-01 21 20 4 8.188953e-01 22 20 5 -0.000000e+00 
22 -2 4 4 22 21 4 1.371312e-01 22 20 4 2.547222e-01 21 21 4 6.081465e-01 22 21 5 -0.000000e+00 
23 -2 4 4 22 21 4 -0.000000e+00 21 21 4 3.742196e-01 22 22 4 6.257804e-01 22 21 5 -0.000000e+00 
0 -1 4 4 23 1 4 1.323865e-06 23 0 4 3.128889e-01 22 1 4 6.871098e-01 23 1 5 -0.000000e+00 
1 -1 4 4 22 1 4 1.767122e-01 22 2 4 6.273611e-01 23 1 4 1.959267e-01 22 1 5 -0.000000e+00 
2 -1 4 4 22 2 4 3.418359e-01 22 3 4 5.676117e-01 23 2 4 9.055237e-02 22 2 5 -0.000000e+00 
3 -1 4 4 22 3 4 4.886108e-01 21 3 4 3.524129e-03 22 4 4 5.078651e-01 22 3 5 -0.000000e+00 
4 -1 4 4 22 4 4 4.653267e-01 21 4 4 8.655694e-02 22 5 4 4.481164e-01 22 4 5 -0.000000e+00 
5 -1 4 4 22 5 4 4.528709e-01 21 5 4 1.587632e-01 22 6 4 3.883659e-01 22 5 5 -0.000000e+00 
6 -1 4 4 22 6 4 4.510501e-01 21 6 4 2.203309e-01 22 7 4 3.286190e-01 22 6 5 -0.000000e+00 
7 -1 4 4 21 7 4 2.536525e-03 21 8 4 2.688717e-01 22 7 4 7.285918e-01 21 7 5 -0.000000e+00 
8 -1 4 4 21 8 4 1.030046e-01 21 9 4 2.091204e-01 22 8 4 6.878750e-01 21 8 5 -0.000000e+00 
9 -1 4 4 21 9 4 1.932049e-01 21 10 4 1.493717e-01 22 9 4 6.574234e-01 21 9 5 -0.000000e+00 
10 -1 4 4 21 10 4 2.732140e-01 21 11 4 8.962302e-02 22 10 4 6.371630e-01 21 10 5 -0.000000e+00 
11 -1 4 4 21 11 4 3.430823e-01 21 12 4 2.987434e-02 22 11 4 6.270434e-01 21 11 5 -0.000000e+00 
12 -1 4 4 22 12 4 5.971690e-01 22 11 4 2.987434e-02 21 12 4 3.729566e-01 22 12 5 -0.000000e+00 
13 -1 4 4 22 13 4 5.475400e-01 22 12 4 8.962302e-02 21 13 4 3.628370e-01 22 13 5 -0.000000e+00 
14 -1 4 4 22 14 4 5.080517e-01 22 13 4 1.493717e-01 21 14 4 3.425766e-01 22 14 5 -0.000000e+00 
15 -1 4 4 22 15 4 4.787546e-01 22 14 4 2.091204e-01 21 15 4 3.121250e-01 22 15 5 -0.000000e+00 
16 -1 4 4 22 16 4 4.597201e-01 22 15 4 2.688717e-01 21 16 4 2.714082e-01 22 16 5 -0.000000e+00 
17 -1 4 4 22 16 4 1.082895e-01 21 16 4 2.203309e-01 22 17 4 6.713796e-01 22 16 5 -0.000000e+00 
18 -1 4 4 22 17 4 2.296022e-01 21 17 4 1.587632e-01 22 18 4 6.116346e-01 22 17 5 -0.000000e+00 
19 -1 4 4 22 18 4 3.615581e-01 21 18 4 8.655694e-02 22 19 4 5.518849e-01 22 18 5 -0.000000e+00 
20 -1 4 4 22 19 4 5.043396e-01 21 19 4 3.524129e-03 22 20 4 4.921362e-01 22 19 5 -0.000000e+00 
21 -1 4 4 22 20 4 4.770601e-01 22 21 4 4.323876e-01 23 20 4 9.055237e-02 22 20 5 -0.000000e+00 
22 -1 4 4 22 21 4 4.314344e-01 22 22 4 3.726389e-01 23 21 4 1.959267e-01 22 21 5 -0.000000e+00 
23 -1 4 4 22 22 4 3.742196e-01 22 23 4 3.128902e-01 23 22 4 3.128902e-01 22 22 5 -0.000000e+00 
0 -2 5 4 22 1 5 2.515582e-01 21 1 5 3.742196e-01 22 2 5 3.742222e-01 22 1 6 -0.000000e+00 
1 -2 5 4 21 2 5 3.534246e-01 21 3 5 2.547219e-01 22 2 5 3.918535e-01 21 2 6 -0.000000e+00 
2 -2 5 4 21 3 5 6.836717e-01 21 4 5 1.352235e-01 22 3 5 1.811047e-01 21 3 6 -0.000000e+00 
3 -2 5 4 21 4 5 9.772216e-01 20 4 5 7.048258e-03 21 5 5 1.573016e-02 21 4 6 -0.000000e+00 
4 -2 5 4 21 5 5 7.231189e-01 21 4 5 1.037672e-01 20 5 5 1.731139e-01 21 5 6 -0.000000e+00 
5 -2 5 4 21 6 5 4.592054e-01 21 5 5 2.232682e-01 20 6 5 3.175264e-01 21 6 6 -0.000000e+00 
6 -2 5 4 21 7 5 2.165764e-01 21 6 5 3.427619e-01 20 7 5 4.406617e-01 21 7 6 -0.000000e+00 
7 -2 5 4 20 7 5 5.073051e-03 20 8 5 5.377434e-01 21 7 5 4.571836e-01 20 7 6 -0.000000e+00 
8 -2 5 4 20 8 5 2.060093e-01 20 9 5 4.182407e-01 21 8 5 3.757500e-01 20 8 6 -0.000000e+00 
9 -2 5 4 20 9 5 3.864097e-01 20 10 5 2.987434e-01 21 9 5 3.148469e-01 20 9 6 -0.000000e+00 
10 -2 5 4 20 10 5 5.464279e-01 20 11 5 1.792460e-01 21 10 5 2.743260e-01 20 10 6 -0.000000e+00 
11 -2 5 4 20 11 5 6.861646e-01 20 12 5 5.974868e-02 21 11 5 2.540868e-01 20 11 6 -0.000000e+00 
12 -2 5 4 21 12 5 1.943381e-01 21 11 5 5.974868e-02 20 12 5 7.459132e-01 21 12 6 -0.000000e+00 
13 -2 5 4 21 13 5 9.507999e-02 21 12 5 1.792460e-01 20 13 5 7.256740e-01 21 13 6 -0.000000e+00 
14 -2 5 4 21 14 5 1.610349e-02 21 13 5 2.987434e-01 20 14 5 6.851531e-01 21 14 6 -0.000000e+00 
15 -2 5 4 20 14 5 4.249077e-02 20 15 5 5.817593e-01 21 14 5 3.757500e-01 20 14 6 -0.000000e+00 
16 -2 5 4 20 15 5 8.055984e-02 20 16 5 4.622566e-01 21 15 5 4.571836e-01 20 15 6 -0.000000e+00 
17 -2 5 4 20 16 5 9.790247e-02 20 17 5 3.427593e-01 21 16 5 5.593383e-01 20 16 6 -0.000000e+00 
18 -2 5 4 20 17 5 9.425714e-02 20 18 5 2.232692e-01 21 17 5 6.824736e-01 20 17 6 -0.000000e+00 
19 -2 5 4 20 18 5 6.934405e-02 20 19 5 1.037698e-01 21 18 5 8.268861e-01 20 18 6 -0.000000e+00 
20 -2 5 4 21 18 5 8.679259e-03 20 18 5 7.048258e-03 21 19 5 9.842725e-01 21 18 6 -0.000000e+00 
21 -2 5 4 22 20 5 4.587987e-02 22 19 5 1.352249e-01 21 20 5 8.188953e-01 22 20 6 -0.000000e+00 
22 -2 5 4 22 21 5 1.371312e-01 22 20 5 2.547222e-01 21 21 5 6.081465e-01 22 21 6 -0.000000e+00 
23 -2 5 4 22 21 5 -0.000000e+00 21 21 5 3.742196e-01 22 22 5 6.257804e-01 22 21 6 -0.000000e+00 
0 -1 5 4 23 1 5 1.323865e-06 23 0 5 3.128889e-01 22 1 5 6.871098e-01 23 1 6 -0.000000e+00 
1 -1 5 4 22 1 5 1.767122e-01 22 2 5 6.273611e-01 23 1 5 1.959267e-01 22 1 6 -0.000000e+00 
2 -1 5 4 22 2 5 3.418359e-01 22 3 5 5.676117e-01 23 2 5 9.055237e-02 22 2 6 -0.000000e+00 
3 -1 5 4 22 3 5 4.886108e-01 21 3 5 3.524129e-03 22 4 5 5.078651e-01 22 3 6 -0.000000e+00 
4 -1 5 4 22 4 5 4.653267e-01 21 4 5 8.655694e-02 22 5 5 4.481164e-01 22 4 6 -0.000000e+00 
5 -1 5 4 22 5 5 4.528709e-01 21 5 5 1.587632e-01 22 6 5 3.883659e-01 22 5 6 -0.000000e+00 
6 -1 5 4 22 6 5 4.510501e-01 21 6 5 2.203309e-01 22 7 5 3.286190e-01 22 6 6 -0.000000e+00 
7 -1 5 4 21 7 5 2.536525e-03 21 8 5 2.688717e-01 22 7 5 7.285918e-01 21 7 6 -0.000000e+00 
8 -1 5 4 21 8 5 1.030046e-01 21 9 5 2.091204e-01 22 8 5 6.878750e-01 21 8 6 -0.000000e+00 
9 -1 5 4 21 9 5 1.932049e-01 21 10 5 1.493717e-01 22 9 5 6.574234e-01 21 9 6 -0.000000e+00 
10 -1 5 4 21 10 5 2.732140e-01 21 11 5 8.962302e-02 22 10 5 6.371630e-01 21 10 6 -0.000000e+00 
11 -1 5 4 21 11 5 3.430823e-01 21 12 5 2.987434e-02 22 11 5 6.270434e-01 21 11 6 -0.000000e+00 
12 -1 5 4 22 12 5 5.971690e-01 22 11 5 2.987434e-02 21 12 5 3.729566e-01 22 12 6 -0.000000e+00 
13 -1 5 4 22 13 5 5.475400e-01 22 12 5 8.962302e-02 21 13 5 3.628370e-01 22 13 6 -0.000000e+00 
14 -1 5 4 22 14 5 5.080517e-01 22 13 5 1.493717e-01 21 14 5 3.425766e-01 22 14 6 -0.000000e+00 
15 -1 5 4 22 15 5 4.787546e-01 22 14 5 2.091204e-01 21 15 5 3.121250e-01 22 15 6 -0.000000e+00 
16 -1 5 4 22 16 5 4.597201e-01 22 15 5 2.688717e-01 21 16 5 2.714082e-01 22 16 6 -0.000000e+00 
17 -1 5 4 22 16 5 1.082895e-01 21 16 5 2.203309e-01 22 17 5 6.713796e-01 22 16 6 -0.000000e+00 
18 -1 5 4 22 17 5 2.296022e-01 21 17 5 1.587632e-01 22 18 5 6.116346e-01 22 17 6 -0.000000e+00 
19 -1 5 4 22 18 5 3.615581e-01 21 18 5 8.655694e-02 22 19 5 5.518849e-01 22 18 6 -0.000000e+00 
20 -1 5 4 22 19 5 5.043396e-01 21 19 5 3.524129e-03 22 20 5 4.921362e-01 22 19 6 -0.000000e+00 
21 -1 5 4 22 20 5 4.770601e-01 22 21 5 4.323876e-01 23 20 5 9.055237e-02 22 20 6 -0.000000e+00 
22 -1 5 4 22 21 5 4.314344e-01 22 22 5 3.726389e-01 23 21 5 1.959267e-01 22 21 6 -0.000000e+00 
23 -1 5 4 22 22 5 3.742196e-01 22 23 5 3.128902e-01 23 22 5 3.128902e-01 22 22 6 -0.000000e+00 
0 -2 8 4 22 1 8 2.515582e-01 21 1 8 3.742196e-01 22 2 8 3.742222e-01 22 1 9 -0.000000e+00 
1 -2 8 4 21 2 8 3.534246e-01 21 3 8 2.547219e-01 22 2 8 3.918535e-01 21 2 9 -0.000000e+00 
2 -2 8 4 21 3 8 6.836717e-01 21 4 8 1.352235e-01 22 3 8 1.811047e-01 21 3 9 -0.000000e+00 
3 -2 8 4 21 4 8 9.772216e-01 20 4 8 7.048258e-03 21 5 8 1.573016e-02 21 4 9 -0.000000e+00 
4 -2 8 4 21 5 8 7.231189e-01 21 4 8 1.037672e-01 20 5 8 1.731139e-01 21 5 9 -0.000000e+00 
5 -2 8 4 21 6 8 4.592054e-01 21 5 8 2.232682e-01 20 6 8 3.175264e-01 21 6 9 -0.000000e+00 
6 -2 8 4 21 7 8 2.165764e-01 21 6 8 3.427619e-01 20 7 8 4.406617e-01 21 7 9 -0.000000e+00 
7 -2 8 4 20 7 8 5.073051e-03 20 8 8 5.377434e-01 21 7 8 4.571836e-01 20 7 9 -0.000000e+00 
8 -2 8 4 20 8 8 2.060093e-01 20 9 8 4.182407e-01 21 8 8 3.757500e-01 20 8 9 -0.000000e+00 
9 -2 8 4 20 9 8 3.864097e-01 20 10 8 2.987434e-01 21 9 8 3.148469e-01 20 9 9 -0.000000e+00 
10 -2 8 4 20 10 8 5.464279e-01 20 11 8 1.792460e-01 21 10 8 2.743260e-01 20 10 9 -0.000000e+00 
11 -2 8 4 20 11 8 6.861646e-01 20 12 8 5.974868e-02 21 11 8 2.540868e-01 20 11 9 -0.000000e+00 
12 -2 8 4 21 12 8 1.943381e-01 21 11 8 5.974868e-02 20 12 8 7.459132e-01 21 12 9 -0.000000e+00 
13 -2 8 4 21 13 8 9.507999e-02 21 12 8 1.792460e-01 20 13 8 7.256740e-01 21 13 9 -0.000000e+00 
14 -2 8 4 21 14 8 1.610349e-02 21 13 8 2.987434e-01 20 14 8 6.851531e-01 21 14 9 -0.000000e+00 
15 -2 8 4 20 14 8 4.249077e-02 20 15 8 5.817593e-01 21 14 8 3.757500e-01 20 14 9 -0.000000e+00 
16 -2 8 4 20 15 8 8.055984e-02 20 16 8 4.622566e-01 21 15 8 4.571836e-01 20 15 9 -0.000000e+00 
17 -2 8 4 20 16 8 9.790247e-02 20 17 8 3.427593e-01 21 16 8 5.593383e-01 20 16 9 -0.000000e+00 
18 -2 8 4 20 17 8 9.425714e-02 20 18 8 2.232692e-01 21 17 8 6.824736e-01 20 17 9 -0.000000e+00 
19 -2 8 4 20 18 8 6.934405e-02 20 19 8 1.037698e-01 21 18 8 8.268861e-01 20 18 9 -0.000000e+00 
20 -2 8 4 21 18 8 8.679259e-03 20 18 8 7.048258e-03 21 19 8 9.842725e-01 21 18 9 -0.000000e+00 
21 -2 8 4 22 20 8 4.587987e-02 22 19 8 1.352249e-01 21 20 8 8.188953e-01 22 20 9 -0.000000e+00 
22 -2 8 4 22 21 8 1.371312e-01 22 20 8 2.547222e-01 21 21 8 6.081465e-01 22 21 9 -0.000000e+00 
23 -2 8 4 22 21 8 -0.000000e+00 21 21 8 3.742196e-01 22 22 8 6.257804e-01 22 21 9 -0.000000e+00 
0 -1 8 4 23 1 8 1.323865e-06 23 0 8 3.128889e-01 22 1 8 6.871098e-01 23 1 9 -0.000000e+00 
1 -1 8 4 22 1 8 1.767122e-01 22 2 8 6.273611e-01 23 1 8 1.959267e-01 22 1 9 -0.000000e+00 
2 -1 8 4 22 2 8 3.418359e-01 22 3 8 5.676117e-01 23 2 8 9.055237e-02 22 2 9 -0.000000e+00 
3 -1 8 4 22 3 8 4.886108e-01 21 3 8 3.524129e-03 22 4 8 5.078651e-01 22 3 9 -0.000000e+00 
4 -1 8 4 22 4 8 4.653267e-01 21 4 8 8.655694e-02 22 5 8 4.481164e-01 22 4 9 -0.000000e+00 
5 -1 8 4 22 5 8 4.528709e-01 21 5 8 1.587632e-01 22 6 8 3.883659e-01 22 5 9 -0.000000e+00 
6 -1 8 4 22 6 8 4.510501e-01 21 6 8 2.203309e-01 22 7 8 3.286190e-01 22 6 9 -0.000000e+00 
7 -1 8 4 21 7 8 2.536525e-03 21 8 8 2.688717e-01 22 7 8 7.285918e-01 21 7 9 -0.000000e+00 
8 -1 8 4 21 8 8 1.030046e-01 21 9 8 2.091204e-01 22 8 8 6.878750e-01 21 8 9 -0.000000e+00 
9 -1 8 4 21 9 8 1.932049e-01 21 10 8 1.493717e-01 22 9 8 6.574234e-01 21 9 9 -0.000000e+00 
10 -1 8 4 21 10 8 2.732140e-01 21 11 8 8.962302e-02 22 10 8 6.371630e-01 21 10 9 -0.000000e+00 
11 -1 8 4 21 11 8 3.430823e-01 21 12 8 2.987434e-02 22 11 8 6.270434e-01 21 11 9 -0.000000e+00 
12 -1 8 4 22 12 8 5.971690e-01 22 11 8 2.987434e-02 21 12 8 3.729566e-01 22 12 9 -0.000000e+00 
13 -1 8 4 22 13 8 5.475400e-01 22 12 8 8.962302e-02 21 13 8 3.628370e-01 22 13 9 -0.000000e+00 
14 -1 8 4 22 14 8 5.080517e-01 22 13 8 1.493717e-01 21 14 8 3.425766e-01 22 14 9 -0.000000e+00 
15 -1 8 4 22 15 8 4.787546e-01 22 14 8 2.091204e-01 21 15 8 3.121250e-01 22 15 9 -0.000000e+00 
16 -1 8 4 22 16 8 4.597201e-01 22 15 8 2.688717e-01 21 16 8 2.714082e-01 22 16 9 -0.000000e+00 
17 -1 8 4 22 16 8 1.082895e-01 21 16 8 2.203309e-01 22 17 8 6.713796e-01 22 16 9 -0.000000e+00 
18 -1 8 4 22 17 8 2.296022e-01 21 17 8 1.587632e-01 22 18 8 6.116346e-01 22 17 9 -0.000000e+00 
19 -1 8 4 22 18 8 3.615581e-01 21 18 8 8.655694e-02 22 19 8 5.518849e-01 22 18 9 -0.000000e+00 
20 -1 8 4 22 19 8 5.043396e-01 21 19 8 3.524129e-03 22 20 8 4.921362e-01 22 19 9 -0.000000e+00 
21 -1 8 4 22 20 8 4.770601e-01 22 21 8 4.323876e-01 23 20 8 9.055237e-02 22 20 9 -0.000000e+00 
22 -1 8 4 22 21 8 4.314344e-01 22 22 8 3.726389e-01 23 21 8 1.959267e-01 22 21 9 -0.000000e+00 
23 -1 8 4 22 22 8 3.742196e-01 22 23 8 3.128902e-01 23 22 8 3.128902e-01 22 22 9 -0.000000e+00 
0 -2 9 4 22 1 9 2.515582e-01 21 1 9 3.742196e-01 22 2 9 3.742222e-01 22 1 10 -0.000000e+00 
1 -2 9 4 21 2 9 3.534246e-01 21 3 9 2.547219e-01 22 2 9 3.918535e-01 21 2 10 -0.000000e+00 
2 -2 9 4 21 3 9 6.836717e-01 21 4 9 1.352235e-01 22 3 9 1.811047e-01 21 3 10 -0.000000e+00 
3 -2 9 4 21 4 9 9.772216e-01 20 4 9 7.048258e-03 21 5 9 1.573016e-02 21 4 10 -0.000000e+00 
4 -2 9 4 21 5 9 7.231189e-01 21 4 9 1.037672e-01 20 5 9 1.731139e-01 21 5 10 -0.000000e+00 
5 -2 9 4 21 6 9 4.592054e-01 21 5 9 2.232682e-01 20 6 9 3.175264e-01 21 6 10 -0.000000e+00 
6 -2 9 4 21 7 9 2.165764e-01 21 6 9 3.427619e-01 20 7 9 4.406617e-01 21 7 10 -0.000000e+00 
7 -2 9 4 20 7 9 5.073051e-03 20 8 9 5.377434e-01 21 7 9 4.571836e-01 20 7 10 -0.000000e+00 
8 -2 9 4 20 8 9 2.060093e-01 20 9 9 4.182407e-01 21 8 9 3.757500e-01 20 8 10 -0.000000e+00 
9 -2 9 4 20 9 9 3.864097e-01 20 10 9 2.987434e-01 21 9 9 3.148469e-01 20 9 10 -0.000000e+00 
10 -2 9 4 20 10 9 5.464279e-01 20 11 9 1.792460e-01 21 10 9 2.743260e-01 20 10 10 -0.000000e+00 
11 -2 9 4 20 11 9 6.861646e-01 20 12 9 5.974868e-02 21 11 9 2.540868e-01 20 11 10 -0.000000e+00 
12 -2 9 4 21 12 9 1.943381e-01 21 11 9 5.974868e-02 20 12 9 7.459132e-01 21 12 10 -0.000000e+00 
13 -2 9 4 21 13 9 9.507999e-02 21 12 9 1.792460e-01 20 13 9 7.256740e-01 21 13 10 -0.000000e+00 
14 -2 9 4 21 14 9 1.610349e-02 21 13 9 2.987434e-01 20 14 9 6.851531e-01 21 14 10 -0.000000e+00 
15 -2 9 4 20 14 9 4.249077e-02 20 15 9 5.817593e-01 21 14 9 3.757500e-01 20 14 10 -0.000000e+00 
16 -2 9 4 20 15 9 8.055984e-02 20 16 9 4.622566e-01 21 15 9 4.571836e-01 20 15 10 -0.000000e+00 
17 -2 9 4 20 16 9 9.790247e-02 20 17 9 3.427593e-01 21 16 9 5.593383e-01 20 16 10 -0.000000e+00 
18 -2 9 4 20 17 9 9.425714e-02 20 18 9 2.232692e-01 21 17 9 6.824736e-01 20 17 10 -0.000000e+00 
19 -2 9 4 20 18 9 6.934405e-02 20 19 9 1.037698e-01 21 18 9 8.268861e-01 20 18 10 -0.000000e+00 
20 -2 9 4 21 18 9 8.679259e-03 20 18 9 7.048258e-03 21 19 9 9.842725e-01 21 18 10 -0.000000e+00 
21 -2 9 4 22 20 9 4.587987e-02 22 19 9 1.352249e-01 21 20 9 8.188953e-01 22 20 10 -0.000000e+00 
22 -2 9 4 22 21 9 1.371312e-01 22 20 9 2.547222e-01 21 21 9 6.081465e-01 22 21 10 -0.000000e+00 
23 -2 9 4 22 21 9 -0.000000e+00 21 21 9 3.742196e-01 22 22 9 6.257804e-01 22 21 10 -0.000000e+00 
0 -1 9 4 23 1 9 1.323865e-06 23 0 9 3.128889e-01 22 1 9 6.871098e-01 23 1 10 -0.000000e+00 
1 -1 9 4 22 1 9 1.767122e-01 22 2 9 6.273611e-01 23 1 9 1.959267e-01 22 1 10 -0.000000e+00 
2 -1 9 4 22 2 9 3.418359e-01 22 3 9 5.676117e-01 23 2 9 9.055237e-02 22 2 10 -0.000000e+00 
3 -1 9 4 22 3 9 4.886108e-01 21 3 9 3.524129e-03 22 4 9 5.078651e-01 22 3 10 -0.000000e+00 
4 -1 9 4 22 4 9 4.653267e-01 21 4 9 8.655694e-02 22 5 9 4.481164e-01 22 4 10 -0.000000e+00 
5 -1 9 4 22 5 9 4.528709e-01 21 5 9 1.587632e-01 22 6 9 3.883659e-01 22 5 10 -0.000000e+00 
6 -1 9 4 22 6 9 4.510501e-01 21 6 9 2.203309e-01 22 7 9 3.286190e-01 22 6 10 -0.000000e+00 
7 -1 9 4 21 7 9 2.536525e-03 21 8 9 2.688717e-01 22 7 9 7.285918e-01 21 7 10 -0.000000e+00 
8 -1 9 4 21 8 9 1.030046e-01 21 9 9 2.091204e-01 22 8 9 6.878750e-01 21 8 10 -0.000000e+00 
9 -1 9 4 21 9 9 1.932049e-01 21 10 9 1.493717e-01 22 9 9 6.574234e-01 21 9 10 -0.000000e+00 
10 -1 9 4 21 10 9 2.732140e-01 21 11 9 8.962302e-02 22 10 9 6.371630e-01 21 10 10 -0.000000e+00 
11 -1 9 4 21 11 9 3.430823e-01 21 12 9 2.987434e-02 22 11 9 6.270434e-01 21 11 10 -0.000000e+00 
12 -1 9 4 22 12 9 5.971690e-01 22 11 9 2.987434e-02 21 12 9 3.729566e-01 22 12 10 -0.000000e+00 
13 -1 9 4 22 13 9 5.475400e-01 22 12 9 8.962302e-02 21 13 9 3.628370e-01 22 13 10 -0.000000e+00 
14 -1 9 4 22 14 9 5.080517e-01 22 13 9 1.493717e-01 21 14 9 3.425766e-01 22 14 10 -0.000000e+00 
15 -1 9 4 22 15 9 4.787546e-01 22 14 9 2.091204e-01 21 15 9 3.121250e-01 22 15 10 -0.000000e+00 
16 -1 9 4 22 16 9 4.597201e-01 22 15 9 2.688717e-01 21 16 9 2.714082e-01 22 16 10 -0.000000e+00 
17 -1 9 4 22 16 9 1.082895e-01 21 16 9 2.203309e-01 22 17 9 6.713796e-01 22 16 10 -0.000000e+00 
18 -1 9 4 22 17 9 2.296022e-01 21 17 9 1.587632e-01 22 18 9 6.116346e-01 22 17 10 -0.000000e+00 
19 -1 9 4 22 18 9 3.615581e-01 21 18 9 8.655694e-02 22 19 9 5.518849e-01 22 18 10 -0.000000e+00 
20 -1 9 4 22 19 9 5.043396e-01 21 19 9 3.524129e-03 22 20 9 4.921362e-01 22 19 10 -0.000000e+00 
21 -1 9 4 22 20 9 4.770601e-01 22 21 9 4.323876e-01 23 20 9 9.055237e-02 22 20 10 -0.000000e+00 
22 -1 9 4 22 21 9 4.314344e-01 22 22 9 3.726389e-01 23 21 9 1.959267e-01 22 21 10 -0.000000e+00 
23 -1 9 4 22 22 9 3.742196e-01 22 23 9 3.128902e-01 23 22 9 3.128902e-01 22 22 10 -0.000000e+00 
0 -2 0 4 22 1 0 2.515582e-01 21 1 0 3.742196e-01 22 2 0 3.742222e-01 22 1 1 -0.000000e+00 
1 -2 0 4 21 2 0 3.534246e-01 21 3 0 2.547219e-01 22 2 0 3.918535e-01 21 2 1 -0.000000e+00 
2 -2 0 4 21 3 0 6.836717e-01 21 4 0 1.352235e-01 22 3 0 1.811047e-01 21 3 1 -0.000000e+00 
3 -2 0 4 21 4 0 9.772216e-01 20 4 0 7.048258e-03 21 5 0 1.573016e-02 21 4 1 -0.000000e+00 
4 -2 0 4 21 5 0 7.231189e-01 21 4 0 1.037672e-01 20 5 0 1.731139e-01 21 5 1 -0.000000e+00 
5 -2 0 4 21 6 0 4.592054e-01 21 5 0 2.232682e-01 20 6 0 3.175264e-01 21 6 1 -0.000000e+00 
6 -2 0 4 21 7 0 2.165764e-01 21 6 0 3.427619e-01 20 7 0 4.406617e-01 21 7 1 -0.000000e+00 
7 -2 0 4 20 7 0 5.073051e-03 20 8 0 5.377434e-01 21 7 0 4.571836e-01 20 7 1 -0.000000e+00 
8 -2 0 4 20 8 0 2.060093e-01 20 9 0 4.182407e-01 21 8 0 3.757500e-01 20 8 1 -0.000000e+00 
9 -2 0 4 20 9 0 3.864097e-01 20 10 0 2.987434e-01 21 9 0 3.148469e-01 20 9 1 -0.000000e+00 
10 -2 0 4 20 10 0 5.464279e-01 20 11 0 1.792460e-01 21 10 0 2.743260e-01 20 10 1 -0.000000e+00 
11 -2 0 4 20 11 0 6.861646e-01 20 12 0 5.974868e-02 21 11 0 2.540868e-01 20 11 1 -0.000000e+00 
12 -2 0 4 21 12 0 1.943381e-01 21 11 0 5.974868e-02 20 12 0 7.459132e-01 21 12 1 -0.000000e+00 
13 -2 0 4 21 13 0 9.507999e-02 21 12 0 1.792460e-01 20 13 0 7.256740e-01 21 13 1 -0.000000e+00 
14 -2 0 4 21 14 0 1.610349e-02 21 13 0 2.987434e-01 20 14 0 6.851531e-01 21 14 1 -0.000000e+00 
15 -2 0 4 20 14 0 4.249077e-02 20 15 0 5.817593e-01 21 14 0 3.757500e-01 20 14 1 -0.000000e+00 
16 -2 0 4 20 15 0 8.055984e-02 20 16 0 4.622566e-01 21 15 0 4.571836e-01 20 15 1 -0.000000e+00 
17 -2 0 4 20 16 0 9.790247e-02 20 17 0 3.427593e-01 21 16 0 5.593383e-01 20 16 1 -0.000000e+00 
18 -2 0 4 20 17 0 9.425714e-02 20 18 0 2.232692e-01 21 17 0 6.824736e-01 20 17 1 -0.000000e+00 
19 -2 0 4 20 18 0 6.934405e-02 20 19 0 1.037698e-01 21 18 0 8.268861e-01 20 18 1 -0.000000e+00 
20 -2 0 4 21 18 0 8.679259e-03 20 18 0 7.048258e-03 21 19 0 9.842725e-01 21 18 1 -0.000000e+00 
21 -2 0 4 22 20 0 4.587987e-02 22 19 0 1.352249e-01 21 20 0 8.188953e-01 22 20 1 -0.000000e+00 
22 -2 0 4 22 21 0 1.371312e-01 22 20 0 2.547222e-01 21 21 0 6.081465e-01 22 21 1 -0.000000e+00 
23 -2 0 4 22 21 0 -0.000000e+00 21 21 0 3.742196e-01 22 22 0 6.257804e-01 22 21 1 -0.000000e+00 
0 -1 0 4 23 1 0 1.323865e-06 23 0 0 3.128889e-01 22 1 0 6.871098e-01 23 1 1 -0.000000e+00 
1 -1 0 4 22 1 0 1.767122e-01 22 2 0 6.273611e-01 23 1 0 1.959267e-01 22 1 1 -0.000000e+00 
2 -1 0 4 22 2 0 3.418359e-01 22 3 0 5.676117e-01 23 2 0 9.055237e-02 22 2 1 -0.000000e+00 
3 -1 0 4 22 3 0 4.886108e-01 21 3 0 3.524129e-03 22 4 0 5.078651e-01 22 3 1 -0.000000e+00 
4 -1 0 4 22 4 0 4.653267e-01 21 4 0 8.655694e-02 22 5 0 4.481164e-01 22 4 1 -0.000000e+00 
5 -1 0 4 22 5 0 4.528709e-01 21 5 0 1.587632e-01 22 6 0 3.883659e-01 22 5 1 -0.000000e+00 
6 -1 0 4 22 6 0 4.510501e-01 21 6 0 2.203309e-01 22 7 0 3.286190e-01 22 6 1 -0.000000e+00 
7 -1 0 4 21 7 0 2.536525e-03 21 8 0 2.688717e-01 22 7 0 7.285918e-01 21 7 1 -0.000000e+00 
8 -1 0 4 21 8 0 1.030046e-01 21 9 0 2.091204e-01 22 8 0 6.878750e-01 21 8 1 -0.000000e+00 
9 -1 0 4 21 9 0 1.932049e-01 21 10 0 1.493717e-01 22 9 0 6.574234e-01 21 9 1 -0.000000e+00 
10 -1 0 4 21 10 0 2.732140e-01 21 11 0 8.962302e-02 22 10 0 6.371630e-01 21 10 1 -0.000000e+00 
11 -1 0 4 21 11 0 3.430823e-01 21 12 0 2.987434e-02 22 11 0 6.270434e-01 21 11 1 -0.000000e+00 
12 -1 0 4 22 12 0 5.971690e-01 22 11 0 2.987434e-02 21 12 0 3.729566e-01 22 12 1 -0.000000e+00 
13 -1 0 4 22 13 0 5.475400e-01 22 12 0 8.962302e-02 21 13 0 3.628370e-01 22 13 1 -0.000000e+00 
14 -1 0 4 22 14 0 5.080517e-01 22 13 0 1.493717e-01 21 14 0 3.425766e-01 22 14 1 -0.000000e+00 
15 -1 0 4 22 15 0 4.787546e-01 22 14 0 2.091204e-01 21 15 0 3.121250e-01 22 15 1 -0.000000e+00 
16 -1 0 4 22 16 0 4.597201e-01 22 15 0 2.688717e-01 21 16 0 2.714082e-01 22 16 1 -0.000000e+00 
17 -1 0 4 22 16 0 1.082895e-01 21 16 0 2.203309e-01 22 17 0 6.713796e-01 22 16 1 -0.000000e+00 
18 -1 0 4 22 17 0 2.296022e-01 21 17 0 1.587632e-01 22 18 0 6.116346e-01 22 17 1 -0.000000e+00 
19 -1 0 4 22 18 0 3.615581e-01 21 18 0 8.655694e-02 22 19 0 5.518849e-01 22 18 1 -0.000000e+00 
20 -1 0 4 22 19 0 5.043396e-01 21 19 0 3.524129e-03 22 20 0 4.921362e-01 22 19 1 -0.000000e+00 
21 -1 0 4 22 20 0 4.770601e-01 22 21 0 4.323876e-01 23 20 0 9.055237e-02 22 20 1 -0.000000e+00 
22 -1 0 4 22 21 0 4.314344e-01 22 22 0 3.726389e-01 23 21 0 1.959267e-01 22 21 1 -0.000000e+00 
23 -1 0 4 22 22 0 3.742196e-01 22 23 0 3.128902e-01 23 22 0 3.128902e-01 22 22 1 -0.000000e+00 
0 -2 1 4 22 1 1 2.515582e-01 21 1 1 3.742196e-01 22 2 1 3.742222e-01 22 1 2 -0.000000e+00 
1 -2 1 4 21 2 1 3.534246e-01 21 3 1 2.547219e-01 22 2 1 3.918535e-01 21 2 2 -0.000000e+00 
2 -2 1 4 21 3 1 6.836717e-01 21 4 1 1.352235e-01 22 3 1 1.811047e-01 21 3 2 -0.000000e+00 
3 -2 1 4 21 4 1 9.772216e-01 20 4 1 7.048258e-03 21 5 1 1.573016e-02 21 4 2 -0.000000e+00 
4 -2 1 4 21 5 1 7.231189e-01 21 4 1 1.037672e-01 20 5 1 1.731139e-01 21 5 2 -0.000000e+00 
5 -2 1 4 21 6 1 4.592054e-01 21 5 1 2.232682e-01 20 6 1 3.175264e-01 21 6 2 -0.000000e+00 
6 -2 1 4 21 7 1 2.165764e-01 21 6 1 3.427619e-01 20 7 1 4.406617e-01 21 7 2 -0.000000e+00 
7 -2 1 4 20 7 1 5.073051e-03 20 8 1 5.377434e-01 21 7 1 4.571836e-01 20 7 2 -0.000000e+00 
8 -2 1 4 20 8 1 2.060093e-01 20 9 1 4.182407e-01 21 8 1 3.757500e-01 20 8 2 -0.000000e+00 
9 -2 1 4 20 9 1 3.864097e-01 20 10 1 2.987434e-01 21 9 1 3.148469e-01 20 9 2 -0.000000e+00 
10 -2 1 4 20 10 1 5.464279e-01 20 11 1 1.792460e-01 21 10 1 2.743260e-01 20 10 2 -0.000000e+00 
11 -2 1 4 20 11 1 6.861646e-01 20 12 1 5.974868e-02 21 11 1 2.540868e-01 20 11 2 -0.000000e+00 
12 -2 1 4 21 12 1 1.943381e-01 21 11 1 5.974868e-02 20 12 1 7.459132e-01 21 12 2 -0.000000e+00 
13 -2 1 4 21 13 1 9.507999e-02 21 12 1 1.792460e-01 20 13 1 7.256740e-01 21 13 2 -0.000000e+00 
14 -2 1 4 21 14 1 1.610349e-02 21 13 1 2.987434e-01 20 14 1 6.851531e-01 21 14 2 -0.000000e+00 
15 -2 1 4 20 14 1 4.249077e-02 20 15 1 5.817593e-01 21 14 1 3.757500e-01 20 14 2 -0.000000e+00 
16 -2 1 4 20 15 1 8.055984e-02 20 16 1 4.622566e-01 21 15 1 4.571836e-01 20 15 2 -0.000000e+00 
17 -2 1 4 20 16 1 9.790247e-02 20 17 1 3.427593e-01 21 16 1 5.593383e-01 20 16 2 -0.000000e+00 
18 -2 1 4 20 17 1 9.425714e-02 20 18 1 2.232692e-01 21 17 1 6.824736e-01 20 17 2 -0.000000e+00 
19 -2 1 4 20 18 1 6.934405e-02 20 19 1 1.037698e-01 21 18 1 8.268861e-01 20 18 2 -0.000000e+00 
20 -2 1 4 21 18 1 8.679259e-03 20 18 1 7.048258e-03 21 19 1 9.842725e-01 21 18 2 -0.000000e+00 
21 -2 1 4 22 20 1 4.587987e-02 22 19 1 1.352249e-01 21 20 1 8.188953e-01 22 20 2 -0.000000e+00 
22 -2 1 4 22 21 1 1.371312e-01 22 20 1 2.547222e-01 21 21 1 6.081465e-01 22 21 2 -0.000000e+00 
23 -2 1 4 22 21 1 -0.000000e+00 21 21 1 3.742196e-01 22 22 1 6.257804e-01 22 21 2 -0.000000e+00 
0 -1 1 4 23 1 1 1.323865e-06 23 0 1 3.128889e-01 22 1 1 6.871098e-01 23 1 2 -0.000000e+00 
1 -1 1 4 22 1 1 1.767122e-01 22 2 1 6.273611e-01 23 1 1 1.959267e-01 22 1 2 -0.000000e+00 
2 -1 1 4 22 2 1 3.418359e-01 22 3 1 5.676117e-01 23 2 1 9.055237e-02 22 2 2 -0.000000e+00 
3 -1 1 4 22 3 1 4.886108e-01 21 3 1 3.524129e-03 22 4 1 5.078651e-01 22 3 2 -0.000000e+00 
4 -1 1 4 22 4 1 4.653267e-01 21 4 1 8.655694e-02 22 5 1 4.481164e-01 22 4 2 -0.000000e+00 
5 -1 1 4 22 5 1 4.528709e-01 21 5 1 1.587632e-01 22 6 1 3.883659e-01 22 5 2 -0.000000e+00 
6 -1 1 4 22 6 1 4.510501e-01 21 6 1 2.203309e-01 22 7 1 3.286190e-01 22 6 2 -0.000000e+00 
7 -1 1 4 21 7 1 2.536525e-03 21 8 1 2.688717e-01 22 7 1 7.285918e-01 21 7 2 -0.000000e+00 
8 -1 1 4 21 8 1 1.030046e-01 21 9 1 2.091204e-01 22 8 1 6.878750e-01 21 8 2 -0.000000e+00 
9 -1 1 4 21 9 1 1.932049e-01 21 10 1 1.493717e-01 22 9 1 6.574234e-01 21 9 2 -0.000000e+00 
10 -1 1 4 21 10 1 2.732140e-01 21 11 1 8.962302e-02 22 10 1 6.371630e-01 21 10 2 -0.000000e+00 
11 -1 1 4 21 11 1 3.430823e-01 21 12 1 2.987434e-02 22 11 1 6.270434e-01 21 11 2 -0.000000e+00 
12 -1 1 4 22 12 1 5.971690e-01 22 11 1 2.987434e-02 21 12 1 3.729566e-01 22 12 2 -0.000000e+00 
13 -1 1 4 22 13 1 5.475400e-01 22 12 1 8.962302e-02 21 13 1 3.628370e-01 22 13 2 -0.000000e+00 
14 -1 1 4 22 14 1 5.080517e-01 22 13 1 1.493717e-01 21 14 1 3.425766e-01 22 14 2 -0.000000e+00 
15 -1 1 4 22 15 1 4.787546e-01 22 14 1 2.091204e-01 21 15 1 3.121250e-01 22 15 2 -0.000000e+00 
16 -1 1 4 22 16 1 4.597201e-01 22 15 1 2.688717e-01 21 16 1 2.714082e-01 22 16 2 -0.000000e+00 
17 -1 1 4 22 16 1 1.082895e-01 21 16 1 2.203309e-01 22 17 1 6.713796e-01 22 16 2 -0.000000e+00 
18 -1 1 4 22 17 1 2.296022e-01 21 17 1 1.587632e-01 22 18 1 6.116346e-01 22 17 2 -0.000000e+00 
19 -1 1 4 22 18 1 3.615581e-01 21 18 1 8.655694e-02 22 19 1 5.518849e-01 22 18 2 -0.000000e+00 
20 -1 1 4 22 19 1 5.043396e-01 21 19 1 3.524129e-03 22 20 1 4.921362e-01 22 19 2 -0.000000e+00 
21 -1 1 4 22 20 1 4.770601e-01 22 21 1 4.323876e-01 23 20 1 9.055237e-02 22 20 2 -0.000000e+00 
22 -1 1 4 22 21 1 4.314344e-01 22 22 1 3.726389e-01 23 21 1 1.959267e-01 22 21 2 -0.000000e+00 
23 -1 1 4 22 22 1 3.742196e-01 22 23 1 3.128902e-01 23 22 1 3.128902e-01 22 22 2 -0.000000e+00 
