P1 P2
2 1 2 0
0 0 100 0 0 0 0 0 1
0 1 100 0 1 0 0 0 1
0 2 100 0 2 0 0 0 1
0 3 100 0 3 0 0 0 1
0 4 100 0 4 0 0 0 1
0 5 100 0 5 0 0 0 1
0 6 100 0 6 0 0 0 1
0 7 100 0 7 0 0 0 1
0 8 100 0 8 0 0 0 1
0 9 100 0 9 0 0 0 1
0 10 100 0 10 0 0 0 1
0 11 100 0 11 0 0 0 1
0 12 100 0 12 0 0 0 1
0 13 100 0 13 0 0 0 1
0 14 100 0 14 0 0 0 1
0 15 100 0 15 0 0 0 1
0 16 100 0 16 0 0 0 1
0 17 100 0 17 0 0 0 1
0 18 100 0 18 0 0 0 1
0 19 100 0 19 0 0 0 1
0 20 100 0 20 0 0 0 1
0 21 100 0 21 0 0 0 1
0 22 100 0 22 0 0 0 1
0 23 100 0 23 0 0 0 1
0 24 100 0 24 0 0 0 1
0 25 100 0 25 0 0 0 1
0 26 100 0 26 0 0 0 1
0 27 100 0 27 0 0 0 1
0 28 100 0 28 0 0 0 1
0 29 100 0 29 0 0 0 1
0 30 100 0 30 0 0 0 1
0 31 100 0 31 0 0 0 1
0 32 100 0 32 0 0 0 1
0 33 100 0 33 0 0 0 1
0 34 100 0 34 0 0 0 1
0 35 100 0 35 0 0 0 1
0 36 100 0 36 0 0 0 1
0 37 100 0 37 0 0 0 1
0 38 100 0 38 0 0 0 1
0 39 100 0 39 0 0 0 1
0 40 100 0 40 0 0 0 1
0 41 100 0 41 0 0 0 1
0 42 100 0 42 0 0 0 1
0 43 100 0 43 0 0 0 1
0 44 100 0 44 0 0 0 1
0 45 100 0 45 0 0 0 1
0 46 100 0 46 0 0 0 1
0 47 100 0 47 0 0 0 1
0 48 100 0 48 0 0 0 1
0 49 100 0 49 0 0 0 1
0 50 100 0 50 0 0 0 1
0 51 100 0 51 0 0 0 1
0 52 100 0 52 0 0 0 1
0 53 100 0 53 0 0 0 1
0 54 100 0 54 0 0 0 1
0 55 100 0 55 0 0 0 1
0 56 100 0 56 0 0 0 1
0 57 100 0 57 0 0 0 1
0 58 100 0 58 0 0 0 1
0 59 100 0 59 0 0 0 1
0 60 100 0 60 0 0 0 1
0 61 100 0 61 0 0 0 1
0 62 100 0 62 0 0 0 1
0 63 100 0 63 0 0 0 1
0 64 100 0 64 0 0 0 1
0 65 100 0 65 0 0 0 1
0 66 100 0 66 0 0 0 1
0 67 100 0 67 0 0 0 1
0 68 100 0 68 0 0 0 1
0 69 100 0 69 0 0 0 1
0 70 100 0 70 0 0 0 1
0 71 100 0 71 0 0 0 1
0 72 100 0 72 0 0 0 1
0 73 100 0 73 0 0 0 1
0 74 100 0 74 0 0 0 1
0 75 100 0 75 0 0 0 1
0 76 100 0 76 0 0 0 1
0 77 100 0 77 0 0 0 1
0 78 100 0 78 0 0 0 1
0 79 100 0 79 0 0 0 1
0 80 100 0 80 0 0 0 1
0 81 100 0 81 0 0 0 1
0 82 100 0 82 0 0 0 1
0 83 100 0 83 0 0 0 1
0 84 100 0 84 0 0 0 1
0 85 100 0 85 0 0 0 1
0 86 100 0 86 0 0 0 1
0 87 100 0 87 0 0 0 1
0 88 100 0 88 0 0 0 1
0 89 100 0 89 0 0 0 1
0 90 100 0 90 0 0 0 1
0 91 100 0 91 0 0 0 1
0 92 100 0 92 0 0 0 1
0 93 100 0 93 0 0 0 1
0 94 100 0 94 0 0 0 1
0 95 100 0 95 0 0 0 1
0 96 100 0 96 0 0 0 1
0 97 100 0 97 0 0 0 1
0 98 100 0 98 0 0 0 1
0 99 100 0 99 0 0 0 1
0 100 100 0 100 0 0 0 1
1 0 100 1 0 0 0 0 1
1 1 100 1 1 0 0 0 1
1 2 100 1 2 0 0 0 1
1 3 100 1 3 0 0 0 1
1 4 100 1 4 0 0 0 1
1 5 100 1 5 0 0 0 1
1 6 100 1 6 0 0 0 1
1 7 100 1 7 0 0 0 1
1 8 100 1 8 0 0 0 1
1 9 100 1 9 0 0 0 1
1 10 100 1 10 0 0 0 1
1 11 100 1 11 0 0 0 1
1 12 100 1 12 0 0 0 1
1 13 100 1 13 0 0 0 1
1 14 100 1 14 0 0 0 1
1 15 100 1 15 0 0 0 1
1 16 100 1 16 0 0 0 1
1 17 100 1 17 0 0 0 1
1 18 100 1 18 0 0 0 1
1 19 100 1 19 0 0 0 1
1 20 100 1 20 0 0 0 1
1 21 100 1 21 0 0 0 1
1 22 100 1 22 0 0 0 1
1 23 100 1 23 0 0 0 1
1 24 100 1 24 0 0 0 1
1 25 100 1 25 0 0 0 1
1 26 100 1 26 0 0 0 1
1 27 100 1 27 0 0 0 1
1 28 100 1 28 0 0 0 1
1 29 100 1 29 0 0 0 1
1 30 100 1 30 0 0 0 1
1 31 100 1 31 0 0 0 1
1 32 100 1 32 0 0 0 1
1 33 100 1 33 0 0 0 1
1 34 100 1 34 0 0 0 1
1 35 100 1 35 0 0 0 1
1 36 100 1 36 0 0 0 1
1 37 100 1 37 0 0 0 1
1 38 100 1 38 0 0 0 1
1 39 100 1 39 0 0 0 1
1 40 100 1 40 0 0 0 1
1 41 100 1 41 0 0 0 1
1 42 100 1 42 0 0 0 1
1 43 100 1 43 0 0 0 1
1 44 100 1 44 0 0 0 1
1 45 100 1 45 0 0 0 1
1 46 100 1 46 0 0 0 1
1 47 100 1 47 0 0 0 1
1 48 100 1 48 0 0 0 1
1 49 100 1 49 0 0 0 1
1 50 100 1 50 0 0 0 1
1 51 100 1 51 0 0 0 1
1 52 100 1 52 0 0 0 1
1 53 100 1 53 0 0 0 1
1 54 100 1 54 0 0 0 1
1 55 100 1 55 0 0 0 1
1 56 100 1 56 0 0 0 1
1 57 100 1 57 0 0 0 1
1 58 100 1 58 0 0 0 1
1 59 100 1 59 0 0 0 1
1 60 100 1 60 0 0 0 1
1 61 100 1 61 0 0 0 1
1 62 100 1 62 0 0 0 1
1 63 100 1 63 0 0 0 1
1 64 100 1 64 0 0 0 1
1 65 100 1 65 0 0 0 1
1 66 100 1 66 0 0 0 1
1 67 100 1 67 0 0 0 1
1 68 100 1 68 0 0 0 1
1 69 100 1 69 0 0 0 1
1 70 100 1 70 0 0 0 1
1 71 100 1 71 0 0 0 1
1 72 100 1 72 0 0 0 1
1 73 100 1 73 0 0 0 1
1 74 100 1 74 0 0 0 1
1 75 100 1 75 0 0 0 1
1 76 100 1 76 0 0 0 1
1 77 100 1 77 0 0 0 1
1 78 100 1 78 0 0 0 1
1 79 100 1 79 0 0 0 1
1 80 100 1 80 0 0 0 1
1 81 100 1 81 0 0 0 1
1 82 100 1 82 0 0 0 1
1 83 100 1 83 0 0 0 1
1 84 100 1 84 0 0 0 1
1 85 100 1 85 0 0 0 1
1 86 100 1 86 0 0 0 1
1 87 100 1 87 0 0 0 1
1 88 100 1 88 0 0 0 1
1 89 100 1 89 0 0 0 1
1 90 100 1 90 0 0 0 1
1 91 100 1 91 0 0 0 1
1 92 100 1 92 0 0 0 1
1 93 100 1 93 0 0 0 1
1 94 100 1 94 0 0 0 1
1 95 100 1 95 0 0 0 1
1 96 100 1 96 0 0 0 1
1 97 100 1 97 0 0 0 1
1 98 100 1 98 0 0 0 1
1 99 100 1 99 0 0 0 1
1 100 100 1 100 0 0 0 1
2 0 100 2 0 0 0 0 1
2 1 100 2 1 0 0 0 1
2 2 100 2 2 0 0 0 1
2 3 100 2 3 0 0 0 1
2 4 100 2 4 0 0 0 1
2 5 100 2 5 0 0 0 1
2 6 100 2 6 0 0 0 1
2 7 100 2 7 0 0 0 1
2 8 100 2 8 0 0 0 1
2 9 100 2 9 0 0 0 1
2 10 100 2 10 0 0 0 1
2 11 100 2 11 0 0 0 1
2 12 100 2 12 0 0 0 1
2 13 100 2 13 0 0 0 1
2 14 100 2 14 0 0 0 1
2 15 100 2 15 0 0 0 1
2 16 100 2 16 0 0 0 1
2 17 100 2 17 0 0 0 1
2 18 100 2 18 0 0 0 1
2 19 100 2 19 0 0 0 1
2 20 100 2 20 0 0 0 1
2 21 100 2 21 0 0 0 1
2 22 100 2 22 0 0 0 1
2 23 100 2 23 0 0 0 1
2 24 100 2 24 0 0 0 1
2 25 100 2 25 0 0 0 1
2 26 100 2 26 0 0 0 1
2 27 100 2 27 0 0 0 1
2 28 100 2 28 0 0 0 1
2 29 100 2 29 0 0 0 1
2 30 100 2 30 0 0 0 1
2 31 100 2 31 0 0 0 1
2 32 100 2 32 0 0 0 1
2 33 100 2 33 0 0 0 1
2 34 100 2 34 0 0 0 1
2 35 100 2 35 0 0 0 1
2 36 100 2 36 0 0 0 1
2 37 100 2 37 0 0 0 1
2 38 100 2 38 0 0 0 1
2 39 100 2 39 0 0 0 1
2 40 100 2 40 0 0 0 1
2 41 100 2 41 0 0 0 1
2 42 100 2 42 0 0 0 1
2 43 100 2 43 0 0 0 1
2 44 100 2 44 0 0 0 1
2 45 100 2 45 0 0 0 1
2 46 100 2 46 0 0 0 1
2 47 100 2 47 0 0 0 1
2 48 100 2 48 0 0 0 1
2 49 100 2 49 0 0 0 1
2 50 100 2 50 0 0 0 1
2 51 100 2 51 0 0 0 1
2 52 100 2 52 0 0 0 1
2 53 100 2 53 0 0 0 1
2 54 100 2 54 0 0 0 1
2 55 100 2 55 0 0 0 1
2 56 100 2 56 0 0 0 1
2 57 100 2 57 0 0 0 1
2 58 100 2 58 0 0 0 1
2 59 100 2 59 0 0 0 1
2 60 100 2 60 0 0 0 1
2 61 100 2 61 0 0 0 1
2 62 100 2 62 0 0 0 1
2 63 100 2 63 0 0 0 1
2 64 100 2 64 0 0 0 1
2 65 100 2 65 0 0 0 1
2 66 100 2 66 0 0 0 1
2 67 100 2 67 0 0 0 1
2 68 100 2 68 0 0 0 1
2 69 100 2 69 0 0 0 1
2 70 100 2 70 0 0 0 1
2 71 100 2 71 0 0 0 1
2 72 100 2 72 0 0 0 1
2 73 100 2 73 0 0 0 1
2 74 100 2 74 0 0 0 1
2 75 100 2 75 0 0 0 1
2 76 100 2 76 0 0 0 1
2 77 100 2 77 0 0 0 1
2 78 100 2 78 0 0 0 1
2 79 100 2 79 0 0 0 1
2 80 100 2 80 0 0 0 1
2 81 100 2 81 0 0 0 1
2 82 100 2 82 0 0 0 1
2 83 100 2 83 0 0 0 1
2 84 100 2 84 0 0 0 1
2 85 100 2 85 0 0 0 1
2 86 100 2 86 0 0 0 1
2 87 100 2 87 0 0 0 1
2 88 100 2 88 0 0 0 1
2 89 100 2 89 0 0 0 1
2 90 100 2 90 0 0 0 1
2 91 100 2 91 0 0 0 1
2 92 100 2 92 0 0 0 1
2 93 100 2 93 0 0 0 1
2 94 100 2 94 0 0 0 1
2 95 100 2 95 0 0 0 1
2 96 100 2 96 0 0 0 1
2 97 100 2 97 0 0 0 1
2 98 100 2 98 0 0 0 1
2 99 100 2 99 0 0 0 1
2 100 100 2 100 0 0 0 1
3 0 100 3 0 0 0 0 1
3 1 100 3 1 0 0 0 1
3 2 100 3 2 0 0 0 1
3 3 100 3 3 0 0 0 1
3 4 100 3 4 0 0 0 1
3 5 100 3 5 0 0 0 1
3 6 100 3 6 0 0 0 1
3 7 100 3 7 0 0 0 1
3 8 100 3 8 0 0 0 1
3 9 100 3 9 0 0 0 1
3 10 100 3 10 0 0 0 1
3 11 100 3 11 0 0 0 1
3 12 100 3 12 0 0 0 1
3 13 100 3 13 0 0 0 1
3 14 100 3 14 0 0 0 1
3 15 100 3 15 0 0 0 1
3 16 100 3 16 0 0 0 1
3 17 100 3 17 0 0 0 1
3 18 100 3 18 0 0 0 1
3 19 100 3 19 0 0 0 1
3 20 100 3 20 0 0 0 1
3 21 100 3 21 0 0 0 1
3 22 100 3 22 0 0 0 1
3 23 100 3 23 0 0 0 1
3 24 100 3 24 0 0 0 1
3 25 100 3 25 0 0 0 1
3 26 100 3 26 0 0 0 1
3 27 100 3 27 0 0 0 1
3 28 100 3 28 0 0 0 1
3 29 100 3 29 0 0 0 1
3 30 100 3 30 0 0 0 1
3 31 100 3 31 0 0 0 1
3 32 100 3 32 0 0 0 1
3 33 100 3 33 0 0 0 1
3 34 100 3 34 0 0 0 1
3 35 100 3 35 0 0 0 1
3 36 100 3 36 0 0 0 1
3 37 100 3 37 0 0 0 1
3 38 100 3 38 0 0 0 1
3 39 100 3 39 0 0 0 1
3 40 100 3 40 0 0 0 1
3 41 100 3 41 0 0 0 1
3 42 100 3 42 0 0 0 1
3 43 100 3 43 0 0 0 1
3 44 100 3 44 0 0 0 1
3 45 100 3 45 0 0 0 1
3 46 100 3 46 0 0 0 1
3 47 100 3 47 0 0 0 1
3 48 100 3 48 0 0 0 1
3 49 100 3 49 0 0 0 1
3 50 100 3 50 0 0 0 1
3 51 100 3 51 0 0 0 1
3 52 100 3 52 0 0 0 1
3 53 100 3 53 0 0 0 1
3 54 100 3 54 0 0 0 1
3 55 100 3 55 0 0 0 1
3 56 100 3 56 0 0 0 1
3 57 100 3 57 0 0 0 1
3 58 100 3 58 0 0 0 1
3 59 100 3 59 0 0 0 1
3 60 100 3 60 0 0 0 1
3 61 100 3 61 0 0 0 1
3 62 100 3 62 0 0 0 1
3 63 100 3 63 0 0 0 1
3 64 100 3 64 0 0 0 1
3 65 100 3 65 0 0 0 1
3 66 100 3 66 0 0 0 1
3 67 100 3 67 0 0 0 1
3 68 100 3 68 0 0 0 1
3 69 100 3 69 0 0 0 1
3 70 100 3 70 0 0 0 1
3 71 100 3 71 0 0 0 1
3 72 100 3 72 0 0 0 1
3 73 100 3 73 0 0 0 1
3 74 100 3 74 0 0 0 1
3 75 100 3 75 0 0 0 1
3 76 100 3 76 0 0 0 1
3 77 100 3 77 0 0 0 1
3 78 100 3 78 0 0 0 1
3 79 100 3 79 0 0 0 1
3 80 100 3 80 0 0 0 1
3 81 100 3 81 0 0 0 1
3 82 100 3 82 0 0 0 1
3 83 100 3 83 0 0 0 1
3 84 100 3 84 0 0 0 1
3 85 100 3 85 0 0 0 1
3 86 100 3 86 0 0 0 1
3 87 100 3 87 0 0 0 1
3 88 100 3 88 0 0 0 1
3 89 100 3 89 0 0 0 1
3 90 100 3 90 0 0 0 1
3 91 100 3 91 0 0 0 1
3 92 100 3 92 0 0 0 1
3 93 100 3 93 0 0 0 1
3 94 100 3 94 0 0 0 1
3 95 100 3 95 0 0 0 1
3 96 100 3 96 0 0 0 1
3 97 100 3 97 0 0 0 1
3 98 100 3 98 0 0 0 1
3 99 100 3 99 0 0 0 1
3 100 100 3 100 0 0 0 1
4 0 100 4 0 0 0 0 1
4 1 100 4 1 0 0 0 1
4 2 100 4 2 0 0 0 1
4 3 100 4 3 0 0 0 1
4 4 100 4 4 0 0 0 1
4 5 100 4 5 0 0 0 1
4 6 100 4 6 0 0 0 1
4 7 100 4 7 0 0 0 1
4 8 100 4 8 0 0 0 1
4 9 100 4 9 0 0 0 1
4 10 100 4 10 0 0 0 1
4 11 100 4 11 0 0 0 1
4 12 100 4 12 0 0 0 1
4 13 100 4 13 0 0 0 1
4 14 100 4 14 0 0 0 1
4 15 100 4 15 0 0 0 1
4 16 100 4 16 0 0 0 1
4 17 100 4 17 0 0 0 1
4 18 100 4 18 0 0 0 1
4 19 100 4 19 0 0 0 1
4 20 100 4 20 0 0 0 1
4 21 100 4 21 0 0 0 1
4 22 100 4 22 0 0 0 1
4 23 100 4 23 0 0 0 1
4 24 100 4 24 0 0 0 1
4 25 100 4 25 0 0 0 1
4 26 100 4 26 0 0 0 1
4 27 100 4 27 0 0 0 1
4 28 100 4 28 0 0 0 1
4 29 100 4 29 0 0 0 1
4 30 100 4 30 0 0 0 1
4 31 100 4 31 0 0 0 1
4 32 100 4 32 0 0 0 1
4 33 100 4 33 0 0 0 1
4 34 100 4 34 0 0 0 1
4 35 100 4 35 0 0 0 1
4 36 100 4 36 0 0 0 1
4 37 100 4 37 0 0 0 1
4 38 100 4 38 0 0 0 1
4 39 100 4 39 0 0 0 1
4 40 100 4 40 0 0 0 1
4 41 100 4 41 0 0 0 1
4 42 100 4 42 0 0 0 1
4 43 100 4 43 0 0 0 1
4 44 100 4 44 0 0 0 1
4 45 100 4 45 0 0 0 1
4 46 100 4 46 0 0 0 1
4 47 100 4 47 0 0 0 1
4 48 100 4 48 0 0 0 1
4 49 100 4 49 0 0 0 1
4 50 100 4 50 0 0 0 1
4 51 100 4 51 0 0 0 1
4 52 100 4 52 0 0 0 1
4 53 100 4 53 0 0 0 1
4 54 100 4 54 0 0 0 1
4 55 100 4 55 0 0 0 1
4 56 100 4 56 0 0 0 1
4 57 100 4 57 0 0 0 1
4 58 100 4 58 0 0 0 1
4 59 100 4 59 0 0 0 1
4 60 100 4 60 0 0 0 1
4 61 100 4 61 0 0 0 1
4 62 100 4 62 0 0 0 1
4 63 100 4 63 0 0 0 1
4 64 100 4 64 0 0 0 1
4 65 100 4 65 0 0 0 1
4 66 100 4 66 0 0 0 1
4 67 100 4 67 0 0 0 1
4 68 100 4 68 0 0 0 1
4 69 100 4 69 0 0 0 1
4 70 100 4 70 0 0 0 1
4 71 100 4 71 0 0 0 1
4 72 100 4 72 0 0 0 1
4 73 100 4 73 0 0 0 1
4 74 100 4 74 0 0 0 1
4 75 100 4 75 0 0 0 1
4 76 100 4 76 0 0 0 1
4 77 100 4 77 0 0 0 1
4 78 100 4 78 0 0 0 1
4 79 100 4 79 0 0 0 1
4 80 100 4 80 0 0 0 1
4 81 100 4 81 0 0 0 1
4 82 100 4 82 0 0 0 1
4 83 100 4 83 0 0 0 1
4 84 100 4 84 0 0 0 1
4 85 100 4 85 0 0 0 1
4 86 100 4 86 0 0 0 1
4 87 100 4 87 0 0 0 1
4 88 100 4 88 0 0 0 1
4 89 100 4 89 0 0 0 1
4 90 100 4 90 0 0 0 1
4 91 100 4 91 0 0 0 1
4 92 100 4 92 0 0 0 1
4 93 100 4 93 0 0 0 1
4 94 100 4 94 0 0 0 1
4 95 100 4 95 0 0 0 1
4 96 100 4 96 0 0 0 1
4 97 100 4 97 0 0 0 1
4 98 100 4 98 0 0 0 1
4 99 100 4 99 0 0 0 1
4 100 100 4 100 0 0 0 1
5 0 100 5 0 0 0 0 1
5 1 100 5 1 0 0 0 1
5 2 100 5 2 0 0 0 1
5 3 100 5 3 0 0 0 1
5 4 100 5 4 0 0 0 1
5 5 100 5 5 0 0 0 1
5 6 100 5 6 0 0 0 1
5 7 100 5 7 0 0 0 1
5 8 100 5 8 0 0 0 1
5 9 100 5 9 0 0 0 1
5 10 100 5 10 0 0 0 1
5 11 100 5 11 0 0 0 1
5 12 100 5 12 0 0 0 1
5 13 100 5 13 0 0 0 1
5 14 100 5 14 0 0 0 1
5 15 100 5 15 0 0 0 1
5 16 100 5 16 0 0 0 1
5 17 100 5 17 0 0 0 1
5 18 100 5 18 0 0 0 1
5 19 100 5 19 0 0 0 1
5 20 100 5 20 0 0 0 1
5 21 100 5 21 0 0 0 1
5 22 100 5 22 0 0 0 1
5 23 100 5 23 0 0 0 1
5 24 100 5 24 0 0 0 1
5 25 100 5 25 0 0 0 1
5 26 100 5 26 0 0 0 1
5 27 100 5 27 0 0 0 1
5 28 100 5 28 0 0 0 1
5 29 100 5 29 0 0 0 1
5 30 100 5 30 0 0 0 1
5 31 100 5 31 0 0 0 1
5 32 100 5 32 0 0 0 1
5 33 100 5 33 0 0 0 1
5 34 100 5 34 0 0 0 1
5 35 100 5 35 0 0 0 1
5 36 100 5 36 0 0 0 1
5 37 100 5 37 0 0 0 1
5 38 100 5 38 0 0 0 1
5 39 100 5 39 0 0 0 1
5 40 100 5 40 0 0 0 1
5 41 100 5 41 0 0 0 1
5 42 100 5 42 0 0 0 1
5 43 100 5 43 0 0 0 1
5 44 100 5 44 0 0 0 1
5 45 100 5 45 0 0 0 1
5 46 100 5 46 0 0 0 1
5 47 100 5 47 0 0 0 1
5 48 100 5 48 0 0 0 1
5 49 100 5 49 0 0 0 1
5 50 100 5 50 0 0 0 1
5 51 100 5 51 0 0 0 1
5 52 100 5 52 0 0 0 1
5 53 100 5 53 0 0 0 1
5 54 100 5 54 0 0 0 1
5 55 100 5 55 0 0 0 1
5 56 100 5 56 0 0 0 1
5 57 100 5 57 0 0 0 1
5 58 100 5 58 0 0 0 1
5 59 100 5 59 0 0 0 1
5 60 100 5 60 0 0 0 1
5 61 100 5 61 0 0 0 1
5 62 100 5 62 0 0 0 1
5 63 100 5 63 0 0 0 1
5 64 100 5 64 0 0 0 1
5 65 100 5 65 0 0 0 1
5 66 100 5 66 0 0 0 1
5 67 100 5 67 0 0 0 1
5 68 100 5 68 0 0 0 1
5 69 100 5 69 0 0 0 1
5 70 100 5 70 0 0 0 1
5 71 100 5 71 0 0 0 1
5 72 100 5 72 0 0 0 1
5 73 100 5 73 0 0 0 1
5 74 100 5 74 0 0 0 1
5 75 100 5 75 0 0 0 1
5 76 100 5 76 0 0 0 1
5 77 100 5 77 0 0 0 1
5 78 100 5 78 0 0 0 1
5 79 100 5 79 0 0 0 1
5 80 100 5 80 0 0 0 1
5 81 100 5 81 0 0 0 1
5 82 100 5 82 0 0 0 1
5 83 100 5 83 0 0 0 1
5 84 100 5 84 0 0 0 1
5 85 100 5 85 0 0 0 1
5 86 100 5 86 0 0 0 1
5 87 100 5 87 0 0 0 1
5 88 100 5 88 0 0 0 1
5 89 100 5 89 0 0 0 1
5 90 100 5 90 0 0 0 1
5 91 100 5 91 0 0 0 1
5 92 100 5 92 0 0 0 1
5 93 100 5 93 0 0 0 1
5 94 100 5 94 0 0 0 1
5 95 100 5 95 0 0 0 1
5 96 100 5 96 0 0 0 1
5 97 100 5 97 0 0 0 1
5 98 100 5 98 0 0 0 1
5 99 100 5 99 0 0 0 1
5 100 100 5 100 0 0 0 1
6 0 100 6 0 0 0 0 1
6 1 100 6 1 0 0 0 1
6 2 100 6 2 0 0 0 1
6 3 100 6 3 0 0 0 1
6 4 100 6 4 0 0 0 1
6 5 100 6 5 0 0 0 1
6 6 100 6 6 0 0 0 1
6 7 100 6 7 0 0 0 1
6 8 100 6 8 0 0 0 1
6 9 100 6 9 0 0 0 1
6 10 100 6 10 0 0 0 1
6 11 100 6 11 0 0 0 1
6 12 100 6 12 0 0 0 1
6 13 100 6 13 0 0 0 1
6 14 100 6 14 0 0 0 1
6 15 100 6 15 0 0 0 1
6 16 100 6 16 0 0 0 1
6 17 100 6 17 0 0 0 1
6 18 100 6 18 0 0 0 1
6 19 100 6 19 0 0 0 1
6 20 100 6 20 0 0 0 1
6 21 100 6 21 0 0 0 1
6 22 100 6 22 0 0 0 1
6 23 100 6 23 0 0 0 1
6 24 100 6 24 0 0 0 1
6 25 100 6 25 0 0 0 1
6 26 100 6 26 0 0 0 1
6 27 100 6 27 0 0 0 1
6 28 100 6 28 0 0 0 1
6 29 100 6 29 0 0 0 1
6 30 100 6 30 0 0 0 1
6 31 100 6 31 0 0 0 1
6 32 100 6 32 0 0 0 1
6 33 100 6 33 0 0 0 1
6 34 100 6 34 0 0 0 1
6 35 100 6 35 0 0 0 1
6 36 100 6 36 0 0 0 1
6 37 100 6 37 0 0 0 1
6 38 100 6 38 0 0 0 1
6 39 100 6 39 0 0 0 1
6 40 100 6 40 0 0 0 1
6 41 100 6 41 0 0 0 1
6 42 100 6 42 0 0 0 1
6 43 100 6 43 0 0 0 1
6 44 100 6 44 0 0 0 1
6 45 100 6 45 0 0 0 1
6 46 100 6 46 0 0 0 1
6 47 100 6 47 0 0 0 1
6 48 100 6 48 0 0 0 1
6 49 100 6 49 0 0 0 1
6 50 100 6 50 0 0 0 1
6 51 100 6 51 0 0 0 1
6 52 100 6 52 0 0 0 1
6 53 100 6 53 0 0 0 1
6 54 100 6 54 0 0 0 1
6 55 100 6 55 0 0 0 1
6 56 100 6 56 0 0 0 1
6 57 100 6 57 0 0 0 1
6 58 100 6 58 0 0 0 1
6 59 100 6 59 0 0 0 1
6 60 100 6 60 0 0 0 1
6 61 100 6 61 0 0 0 1
6 62 100 6 62 0 0 0 1
6 63 100 6 63 0 0 0 1
6 64 100 6 64 0 0 0 1
6 65 100 6 65 0 0 0 1
6 66 100 6 66 0 0 0 1
6 67 100 6 67 0 0 0 1
6 68 100 6 68 0 0 0 1
6 69 100 6 69 0 0 0 1
6 70 100 6 70 0 0 0 1
6 71 100 6 71 0 0 0 1
6 72 100 6 72 0 0 0 1
6 73 100 6 73 0 0 0 1
6 74 100 6 74 0 0 0 1
6 75 100 6 75 0 0 0 1
6 76 100 6 76 0 0 0 1
6 77 100 6 77 0 0 0 1
6 78 100 6 78 0 0 0 1
6 79 100 6 79 0 0 0 1
6 80 100 6 80 0 0 0 1
6 81 100 6 81 0 0 0 1
6 82 100 6 82 0 0 0 1
6 83 100 6 83 0 0 0 1
6 84 100 6 84 0 0 0 1
6 85 100 6 85 0 0 0 1
6 86 100 6 86 0 0 0 1
6 87 100 6 87 0 0 0 1
6 88 100 6 88 0 0 0 1
6 89 100 6 89 0 0 0 1
6 90 100 6 90 0 0 0 1
6 91 100 6 91 0 0 0 1
6 92 100 6 92 0 0 0 1
6 93 100 6 93 0 0 0 1
6 94 100 6 94 0 0 0 1
6 95 100 6 95 0 0 0 1
6 96 100 6 96 0 0 0 1
6 97 100 6 97 0 0 0 1
6 98 100 6 98 0 0 0 1
6 99 100 6 99 0 0 0 1
6 100 100 6 100 0 0 0 1
7 0 100 7 0 0 0 0 1
7 1 100 7 1 0 0 0 1
7 2 100 7 2 0 0 0 1
7 3 100 7 3 0 0 0 1
7 4 100 7 4 0 0 0 1
7 5 100 7 5 0 0 0 1
7 6 100 7 6 0 0 0 1
7 7 100 7 7 0 0 0 1
7 8 100 7 8 0 0 0 1
7 9 100 7 9 0 0 0 1
7 10 100 7 10 0 0 0 1
7 11 100 7 11 0 0 0 1
7 12 100 7 12 0 0 0 1
7 13 100 7 13 0 0 0 1
7 14 100 7 14 0 0 0 1
7 15 100 7 15 0 0 0 1
7 16 100 7 16 0 0 0 1
7 17 100 7 17 0 0 0 1
7 18 100 7 18 0 0 0 1
7 19 100 7 19 0 0 0 1
7 20 100 7 20 0 0 0 1
7 21 100 7 21 0 0 0 1
7 22 100 7 22 0 0 0 1
7 23 100 7 23 0 0 0 1
7 24 100 7 24 0 0 0 1
7 25 100 7 25 0 0 0 1
7 26 100 7 26 0 0 0 1
7 27 100 7 27 0 0 0 1
7 28 100 7 28 0 0 0 1
7 29 100 7 29 0 0 0 1
7 30 100 7 30 0 0 0 1
7 31 100 7 31 0 0 0 1
7 32 100 7 32 0 0 0 1
7 33 100 7 33 0 0 0 1
7 34 100 7 34 0 0 0 1
7 35 100 7 35 0 0 0 1
7 36 100 7 36 0 0 0 1
7 37 100 7 37 0 0 0 1
7 38 100 7 38 0 0 0 1
7 39 100 7 39 0 0 0 1
7 40 100 7 40 0 0 0 1
7 41 100 7 41 0 0 0 1
7 42 100 7 42 0 0 0 1
7 43 100 7 43 0 0 0 1
7 44 100 7 44 0 0 0 1
7 45 100 7 45 0 0 0 1
7 46 100 7 46 0 0 0 1
7 47 100 7 47 0 0 0 1
7 48 100 7 48 0 0 0 1
7 49 100 7 49 0 0 0 1
7 50 100 7 50 0 0 0 1
7 51 100 7 51 0 0 0 1
7 52 100 7 52 0 0 0 1
7 53 100 7 53 0 0 0 1
7 54 100 7 54 0 0 0 1
7 55 100 7 55 0 0 0 1
7 56 100 7 56 0 0 0 1
7 57 100 7 57 0 0 0 1
7 58 100 7 58 0 0 0 1
7 59 100 7 59 0 0 0 1
7 60 100 7 60 0 0 0 1
7 61 100 7 61 0 0 0 1
7 62 100 7 62 0 0 0 1
7 63 100 7 63 0 0 0 1
7 64 100 7 64 0 0 0 1
7 65 100 7 65 0 0 0 1
7 66 100 7 66 0 0 0 1
7 67 100 7 67 0 0 0 1
7 68 100 7 68 0 0 0 1
7 69 100 7 69 0 0 0 1
7 70 100 7 70 0 0 0 1
7 71 100 7 71 0 0 0 1
7 72 100 7 72 0 0 0 1
7 73 100 7 73 0 0 0 1
7 74 100 7 74 0 0 0 1
7 75 100 7 75 0 0 0 1
7 76 100 7 76 0 0 0 1
7 77 100 7 77 0 0 0 1
7 78 100 7 78 0 0 0 1
7 79 100 7 79 0 0 0 1
7 80 100 7 80 0 0 0 1
7 81 100 7 81 0 0 0 1
7 82 100 7 82 0 0 0 1
7 83 100 7 83 0 0 0 1
7 84 100 7 84 0 0 0 1
7 85 100 7 85 0 0 0 1
7 86 100 7 86 0 0 0 1
7 87 100 7 87 0 0 0 1
7 88 100 7 88 0 0 0 1
7 89 100 7 89 0 0 0 1
7 90 100 7 90 0 0 0 1
7 91 100 7 91 0 0 0 1
7 92 100 7 92 0 0 0 1
7 93 100 7 93 0 0 0 1
7 94 100 7 94 0 0 0 1
7 95 100 7 95 0 0 0 1
7 96 100 7 96 0 0 0 1
7 97 100 7 97 0 0 0 1
7 98 100 7 98 0 0 0 1
7 99 100 7 99 0 0 0 1
7 100 100 7 100 0 0 0 1
8 0 100 8 0 0 0 0 1
8 1 100 8 1 0 0 0 1
8 2 100 8 2 0 0 0 1
8 3 100 8 3 0 0 0 1
8 4 100 8 4 0 0 0 1
8 5 100 8 5 0 0 0 1
8 6 100 8 6 0 0 0 1
8 7 100 8 7 0 0 0 1
8 8 100 8 8 0 0 0 1
8 9 100 8 9 0 0 0 1
8 10 100 8 10 0 0 0 1
8 11 100 8 11 0 0 0 1
8 12 100 8 12 0 0 0 1
8 13 100 8 13 0 0 0 1
8 14 100 8 14 0 0 0 1
8 15 100 8 15 0 0 0 1
8 16 100 8 16 0 0 0 1
8 17 100 8 17 0 0 0 1
8 18 100 8 18 0 0 0 1
8 19 100 8 19 0 0 0 1
8 20 100 8 20 0 0 0 1
8 21 100 8 21 0 0 0 1
8 22 100 8 22 0 0 0 1
8 23 100 8 23 0 0 0 1
8 24 100 8 24 0 0 0 1
8 25 100 8 25 0 0 0 1
8 26 100 8 26 0 0 0 1
8 27 100 8 27 0 0 0 1
8 28 100 8 28 0 0 0 1
8 29 100 8 29 0 0 0 1
8 30 100 8 30 0 0 0 1
8 31 100 8 31 0 0 0 1
8 32 100 8 32 0 0 0 1
8 33 100 8 33 0 0 0 1
8 34 100 8 34 0 0 0 1
8 35 100 8 35 0 0 0 1
8 36 100 8 36 0 0 0 1
8 37 100 8 37 0 0 0 1
8 38 100 8 38 0 0 0 1
8 39 100 8 39 0 0 0 1
8 40 100 8 40 0 0 0 1
8 41 100 8 41 0 0 0 1
8 42 100 8 42 0 0 0 1
8 43 100 8 43 0 0 0 1
8 44 100 8 44 0 0 0 1
8 45 100 8 45 0 0 0 1
8 46 100 8 46 0 0 0 1
8 47 100 8 47 0 0 0 1
8 48 100 8 48 0 0 0 1
8 49 100 8 49 0 0 0 1
8 50 100 8 50 0 0 0 1
8 51 100 8 51 0 0 0 1
8 52 100 8 52 0 0 0 1
8 53 100 8 53 0 0 0 1
8 54 100 8 54 0 0 0 1
8 55 100 8 55 0 0 0 1
8 56 100 8 56 0 0 0 1
8 57 100 8 57 0 0 0 1
8 58 100 8 58 0 0 0 1
8 59 100 8 59 0 0 0 1
8 60 100 8 60 0 0 0 1
8 61 100 8 61 0 0 0 1
8 62 100 8 62 0 0 0 1
8 63 100 8 63 0 0 0 1
8 64 100 8 64 0 0 0 1
8 65 100 8 65 0 0 0 1
8 66 100 8 66 0 0 0 1
8 67 100 8 67 0 0 0 1
8 68 100 8 68 0 0 0 1
8 69 100 8 69 0 0 0 1
8 70 100 8 70 0 0 0 1
8 71 100 8 71 0 0 0 1
8 72 100 8 72 0 0 0 1
8 73 100 8 73 0 0 0 1
8 74 100 8 74 0 0 0 1
8 75 100 8 75 0 0 0 1
8 76 100 8 76 0 0 0 1
8 77 100 8 77 0 0 0 1
8 78 100 8 78 0 0 0 1
8 79 100 8 79 0 0 0 1
8 80 100 8 80 0 0 0 1
8 81 100 8 81 0 0 0 1
8 82 100 8 82 0 0 0 1
8 83 100 8 83 0 0 0 1
8 84 100 8 84 0 0 0 1
8 85 100 8 85 0 0 0 1
8 86 100 8 86 0 0 0 1
8 87 100 8 87 0 0 0 1
8 88 100 8 88 0 0 0 1
8 89 100 8 89 0 0 0 1
8 90 100 8 90 0 0 0 1
8 91 100 8 91 0 0 0 1
8 92 100 8 92 0 0 0 1
8 93 100 8 93 0 0 0 1
8 94 100 8 94 0 0 0 1
8 95 100 8 95 0 0 0 1
8 96 100 8 96 0 0 0 1
8 97 100 8 97 0 0 0 1
8 98 100 8 98 0 0 0 1
8 99 100 8 99 0 0 0 1
8 100 100 8 100 0 0 0 1
9 0 100 9 0 0 0 0 1
9 1 100 9 1 0 0 0 1
9 2 100 9 2 0 0 0 1
9 3 100 9 3 0 0 0 1
9 4 100 9 4 0 0 0 1
9 5 100 9 5 0 0 0 1
9 6 100 9 6 0 0 0 1
9 7 100 9 7 0 0 0 1
9 8 100 9 8 0 0 0 1
9 9 100 9 9 0 0 0 1
9 10 100 9 10 0 0 0 1
9 11 100 9 11 0 0 0 1
9 12 100 9 12 0 0 0 1
9 13 100 9 13 0 0 0 1
9 14 100 9 14 0 0 0 1
9 15 100 9 15 0 0 0 1
9 16 100 9 16 0 0 0 1
9 17 100 9 17 0 0 0 1
9 18 100 9 18 0 0 0 1
9 19 100 9 19 0 0 0 1
9 20 100 9 20 0 0 0 1
9 21 100 9 21 0 0 0 1
9 22 100 9 22 0 0 0 1
9 23 100 9 23 0 0 0 1
9 24 100 9 24 0 0 0 1
9 25 100 9 25 0 0 0 1
9 26 100 9 26 0 0 0 1
9 27 100 9 27 0 0 0 1
9 28 100 9 28 0 0 0 1
9 29 100 9 29 0 0 0 1
9 30 100 9 30 0 0 0 1
9 31 100 9 31 0 0 0 1
9 32 100 9 32 0 0 0 1
9 33 100 9 33 0 0 0 1
9 34 100 9 34 0 0 0 1
9 35 100 9 35 0 0 0 1
9 36 100 9 36 0 0 0 1
9 37 100 9 37 0 0 0 1
9 38 100 9 38 0 0 0 1
9 39 100 9 39 0 0 0 1
9 40 100 9 40 0 0 0 1
9 41 100 9 41 0 0 0 1
9 42 100 9 42 0 0 0 1
9 43 100 9 43 0 0 0 1
9 44 100 9 44 0 0 0 1
9 45 100 9 45 0 0 0 1
9 46 100 9 46 0 0 0 1
9 47 100 9 47 0 0 0 1
9 48 100 9 48 0 0 0 1
9 49 100 9 49 0 0 0 1
9 50 100 9 50 0 0 0 1
9 51 100 9 51 0 0 0 1
9 52 100 9 52 0 0 0 1
9 53 100 9 53 0 0 0 1
9 54 100 9 54 0 0 0 1
9 55 100 9 55 0 0 0 1
9 56 100 9 56 0 0 0 1
9 57 100 9 57 0 0 0 1
9 58 100 9 58 0 0 0 1
9 59 100 9 59 0 0 0 1
9 60 100 9 60 0 0 0 1
9 61 100 9 61 0 0 0 1
9 62 100 9 62 0 0 0 1
9 63 100 9 63 0 0 0 1
9 64 100 9 64 0 0 0 1
9 65 100 9 65 0 0 0 1
9 66 100 9 66 0 0 0 1
9 67 100 9 67 0 0 0 1
9 68 100 9 68 0 0 0 1
9 69 100 9 69 0 0 0 1
9 70 100 9 70 0 0 0 1
9 71 100 9 71 0 0 0 1
9 72 100 9 72 0 0 0 1
9 73 100 9 73 0 0 0 1
9 74 100 9 74 0 0 0 1
9 75 100 9 75 0 0 0 1
9 76 100 9 76 0 0 0 1
9 77 100 9 77 0 0 0 1
9 78 100 9 78 0 0 0 1
9 79 100 9 79 0 0 0 1
9 80 100 9 80 0 0 0 1
9 81 100 9 81 0 0 0 1
9 82 100 9 82 0 0 0 1
9 83 100 9 83 0 0 0 1
9 84 100 9 84 0 0 0 1
9 85 100 9 85 0 0 0 1
9 86 100 9 86 0 0 0 1
9 87 100 9 87 0 0 0 1
9 88 100 9 88 0 0 0 1
9 89 100 9 89 0 0 0 1
9 90 100 9 90 0 0 0 1
9 91 100 9 91 0 0 0 1
9 92 100 9 92 0 0 0 1
9 93 100 9 93 0 0 0 1
9 94 100 9 94 0 0 0 1
9 95 100 9 95 0 0 0 1
9 96 100 9 96 0 0 0 1
9 97 100 9 97 0 0 0 1
9 98 100 9 98 0 0 0 1
9 99 100 9 99 0 0 0 1
9 100 100 9 100 0 0 0 1
10 0 100 10 0 0 0 0 1
10 1 100 10 1 0 0 0 1
10 2 100 10 2 0 0 0 1
10 3 100 10 3 0 0 0 1
10 4 100 10 4 0 0 0 1
10 5 100 10 5 0 0 0 1
10 6 100 10 6 0 0 0 1
10 7 100 10 7 0 0 0 1
10 8 100 10 8 0 0 0 1
10 9 100 10 9 0 0 0 1
10 10 100 10 10 0 0 0 1
10 11 100 10 11 0 0 0 1
10 12 100 10 12 0 0 0 1
10 13 100 10 13 0 0 0 1
10 14 100 10 14 0 0 0 1
10 15 100 10 15 0 0 0 1
10 16 100 10 16 0 0 0 1
10 17 100 10 17 0 0 0 1
10 18 100 10 18 0 0 0 1
10 19 100 10 19 0 0 0 1
10 20 100 10 20 0 0 0 1
10 21 100 10 21 0 0 0 1
10 22 100 10 22 0 0 0 1
10 23 100 10 23 0 0 0 1
10 24 100 10 24 0 0 0 1
10 25 100 10 25 0 0 0 1
10 26 100 10 26 0 0 0 1
10 27 100 10 27 0 0 0 1
10 28 100 10 28 0 0 0 1
10 29 100 10 29 0 0 0 1
10 30 100 10 30 0 0 0 1
10 31 100 10 31 0 0 0 1
10 32 100 10 32 0 0 0 1
10 33 100 10 33 0 0 0 1
10 34 100 10 34 0 0 0 1
10 35 100 10 35 0 0 0 1
10 36 100 10 36 0 0 0 1
10 37 100 10 37 0 0 0 1
10 38 100 10 38 0 0 0 1
10 39 100 10 39 0 0 0 1
10 40 100 10 40 0 0 0 1
10 41 100 10 41 0 0 0 1
10 42 100 10 42 0 0 0 1
10 43 100 10 43 0 0 0 1
10 44 100 10 44 0 0 0 1
10 45 100 10 45 0 0 0 1
10 46 100 10 46 0 0 0 1
10 47 100 10 47 0 0 0 1
10 48 100 10 48 0 0 0 1
10 49 100 10 49 0 0 0 1
10 50 100 10 50 0 0 0 1
10 51 100 10 51 0 0 0 1
10 52 100 10 52 0 0 0 1
10 53 100 10 53 0 0 0 1
10 54 100 10 54 0 0 0 1
10 55 100 10 55 0 0 0 1
10 56 100 10 56 0 0 0 1
10 57 100 10 57 0 0 0 1
10 58 100 10 58 0 0 0 1
10 59 100 10 59 0 0 0 1
10 60 100 10 60 0 0 0 1
10 61 100 10 61 0 0 0 1
10 62 100 10 62 0 0 0 1
10 63 100 10 63 0 0 0 1
10 64 100 10 64 0 0 0 1
10 65 100 10 65 0 0 0 1
10 66 100 10 66 0 0 0 1
10 67 100 10 67 0 0 0 1
10 68 100 10 68 0 0 0 1
10 69 100 10 69 0 0 0 1
10 70 100 10 70 0 0 0 1
10 71 100 10 71 0 0 0 1
10 72 100 10 72 0 0 0 1
10 73 100 10 73 0 0 0 1
10 74 100 10 74 0 0 0 1
10 75 100 10 75 0 0 0 1
10 76 100 10 76 0 0 0 1
10 77 100 10 77 0 0 0 1
10 78 100 10 78 0 0 0 1
10 79 100 10 79 0 0 0 1
10 80 100 10 80 0 0 0 1
10 81 100 10 81 0 0 0 1
10 82 100 10 82 0 0 0 1
10 83 100 10 83 0 0 0 1
10 84 100 10 84 0 0 0 1
10 85 100 10 85 0 0 0 1
10 86 100 10 86 0 0 0 1
10 87 100 10 87 0 0 0 1
10 88 100 10 88 0 0 0 1
10 89 100 10 89 0 0 0 1
10 90 100 10 90 0 0 0 1
10 91 100 10 91 0 0 0 1
10 92 100 10 92 0 0 0 1
10 93 100 10 93 0 0 0 1
10 94 100 10 94 0 0 0 1
10 95 100 10 95 0 0 0 1
10 96 100 10 96 0 0 0 1
10 97 100 10 97 0 0 0 1
10 98 100 10 98 0 0 0 1
10 99 100 10 99 0 0 0 1
10 100 100 10 100 0 0 0 1
